model,condition,frame,l2
rung0,none:0,0,1.2339448928833008
rung0,none:0,1,1.1700286865234375
rung0,none:0,2,1.2428326606750488
rung0,none:0,3,0.6436014175415039
rung0,none:0,4,0.44095611572265625
rung0,none:0,5,1.0081562995910645
rung0,none:0,6,1.239272117614746
rung0,none:0,7,0.4286666512489319
rung0,none:0,8,0.5017629265785217
rung0,none:0,9,0.8315660357475281
rung0,none:0,10,0.7419010996818542
rung0,none:0,11,0.3526155352592468
rung0,none:0,12,0.1870330423116684
rung0,none:0,13,0.18910643458366394
rung0,none:0,14,0.14240339398384094
rung0,none:0,15,0.15873205661773682
rung0,none:0,16,0.26102495193481445
rung0,none:0,17,0.1899215430021286
rung0,none:0,18,0.20824375748634338
rung0,none:0,19,0.19647683203220367
rung0,none:0,20,0.4809439182281494
rung0,none:0,21,0.2833942770957947
rung0,none:0,22,0.19666053354740143
rung0,none:0,23,0.21550366282463074
rung0,none:0,24,0.3570798635482788
rung0,none:0,25,0.2502880096435547
rung0,none:0,26,0.2531975507736206
rung0,none:0,27,0.22362424433231354
rung0,none:0,28,0.33852419257164
rung0,none:0,29,0.2320084273815155
rung0,none:0,30,0.2803662419319153
rung0,none:0,31,0.18282634019851685
rung0,none:0,32,0.12021572887897491
rung0,none:0,33,0.2931700348854065
rung0,none:0,34,0.10289318859577179
rung0,none:0,35,0.11074262857437134
rung0,none:0,36,0.2466070055961609
rung0,none:0,37,0.3827535808086395
rung0,none:0,38,0.09713964909315109
rung0,none:0,39,0.19507761299610138
rung0,none:0,40,0.12597352266311646
rung0,none:0,41,0.5964493155479431
rung0,none:0,42,0.18090054392814636
rung0,none:0,43,0.14169436693191528
rung0,none:0,44,0.3407776653766632
rung0,none:0,45,0.6989873647689819
rung0,none:0,46,0.21645931899547577
rung0,none:0,47,0.1624765247106552
rung0,none:0,48,0.2717931568622589
rung0,none:0,49,0.460381418466568
rung0,none:0,50,0.5294942855834961
rung0,none:0,51,0.7975741028785706
rung0,none:0,52,0.7068897485733032
rung0,none:0,53,0.771133303642273
rung0,none:0,54,0.3378378748893738
rung0,none:0,55,0.6767227649688721
rung0,none:0,56,1.1458263397216797
rung0,none:0,57,1.9002397060394287
rung0,none:0,58,1.8492724895477295
rung0,none:0,59,2.077188491821289
rung0,none:0,60,2.217040538787842
rung0,none:0,61,2.410989761352539
rung0,none:0,62,0.7714266777038574
rung0,none:0,63,0.496139258146286
rung0,none:0,64,0.827158510684967
rung0,none:0,65,1.1336692571640015
rung0,none:0,66,2.100864887237549
rung0,none:0,67,2.48594331741333
rung0,none:0,68,2.202106237411499
rung0,none:0,69,2.9197354316711426
rung0,none:0,70,3.7338473796844482
rung0,none:0,71,1.5169695615768433
rung0,none:0,72,0.7400434017181396
rung0,none:0,73,0.6285574436187744
rung0,none:0,74,0.7140218615531921
rung0,none:0,75,0.8876051306724548
rung0,none:0,76,0.29389169812202454
rung0,none:0,77,0.25141921639442444
rung0,none:0,78,0.5283023715019226
rung0,none:0,79,0.11731337010860443
rung0,none:0,80,0.36463218927383423
rung0,none:0,81,0.39587873220443726
rung0,none:0,82,0.6232079267501831
rung0,none:0,83,0.6546121835708618
rung0,none:0,84,1.1915192604064941
rung0,none:0,85,0.7991883754730225
rung0,none:0,86,1.3542582988739014
rung0,none:0,87,0.9518873691558838
rung0,none:0,88,1.482103705406189
rung0,none:0,89,1.0256129503250122
rung0,none:0,90,0.6928449869155884
rung0,none:0,91,0.5546814203262329
rung0,none:0,92,0.18252509832382202
rung0,none:0,93,0.14118090271949768
rung0,none:0,94,0.13019409775733948
rung0,none:0,95,0.22727172076702118
rung0,none:0,96,0.3273312747478485
rung0,none:0,97,0.10080038011074066
rung0,none:0,98,0.1631542295217514
rung0,none:0,99,0.1839461475610733
rung0,none:0,100,0.15104994177818298
rung0,none:0,101,0.2291039526462555
rung0,none:0,102,0.2038826197385788
rung0,none:0,103,0.18744336068630219
rung0,none:0,104,0.19411735236644745
rung0,none:0,105,0.14340050518512726
rung0,none:0,106,0.3519981801509857
rung0,none:0,107,0.1560329645872116
rung0,none:0,108,0.2106662094593048
rung0,none:0,109,0.38415953516960144
rung0,none:0,110,0.3750884532928467
rung0,none:0,111,0.16547012329101562
rung0,none:0,112,0.23748819530010223
rung0,none:0,113,0.12344084680080414
rung0,none:0,114,0.131443053483963
rung0,none:0,115,0.34495866298675537
rung0,none:0,116,0.3300202488899231
rung0,none:0,117,0.11940383911132812
rung0,none:0,118,0.2563326060771942
rung0,none:0,119,0.24656403064727783
rung0,none:0,120,0.4548468589782715
rung0,none:0,121,0.28254854679107666
rung0,none:0,122,0.18066972494125366
rung0,none:0,123,0.2797510325908661
rung0,none:0,124,0.4999379813671112
rung0,none:0,125,0.5535973310470581
rung0,none:0,126,0.19600442051887512
rung0,none:0,127,0.16718336939811707
rung0,none:0,128,0.5758503675460815
rung0,none:0,129,0.27945148944854736
rung0,none:0,130,0.20588025450706482
rung0,none:0,131,0.23649820685386658
rung0,none:0,132,0.5253720879554749
rung0,none:0,133,0.32533934712409973
rung0,none:0,134,0.3332957625389099
rung0,none:0,135,0.15830102562904358
rung0,none:0,136,0.3039047122001648
rung0,none:0,137,0.2800726592540741
rung0,none:0,138,0.23499427735805511
rung0,none:0,139,0.24266688525676727
rung0,none:0,140,0.35244596004486084
rung0,none:0,141,0.4272836744785309
rung0,none:0,142,0.16590863466262817
rung0,none:0,143,0.15064789354801178
rung0,none:0,144,0.25207558274269104
rung0,none:0,145,0.35960304737091064
rung0,none:0,146,0.17555776238441467
rung0,none:0,147,0.23351874947547913
rung0,none:0,148,0.23992621898651123
rung0,none:0,149,0.4107590913772583
rung0,none:0,150,0.24602381885051727
rung0,none:0,151,0.35677027702331543
rung0,none:0,152,0.28598523139953613
rung0,none:0,153,0.31323757767677307
rung0,none:0,154,0.19080443680286407
rung0,none:0,155,1.4576996564865112
rung0,none:0,156,1.1353882551193237
rung0,none:0,157,1.0508410930633545
rung0,none:0,158,0.6789933443069458
rung0,none:0,159,0.6349912881851196
rung0,none:0,160,1.1934072971343994
rung0,none:0,161,1.2575273513793945
rung0,none:0,162,0.6771245002746582
rung0,none:0,163,0.7551552057266235
rung0,none:0,164,0.6698124408721924
rung0,none:0,165,0.42146289348602295
rung0,none:0,166,0.22512012720108032
rung0,none:0,167,0.3212744891643524
rung0,none:0,168,0.21085220575332642
rung0,none:0,169,0.20080016553401947
rung0,none:0,170,0.43186086416244507
rung0,none:0,171,0.3708418011665344
rung0,none:0,172,0.25084587931632996
rung0,none:0,173,0.7828285694122314
rung0,none:0,174,0.22800935804843903
rung0,none:0,175,0.4129982590675354
rung0,none:0,176,0.18603526055812836
rung0,none:0,177,0.17680484056472778
rung0,none:0,178,0.25435853004455566
rung0,none:0,179,0.39408981800079346
rung0,none:0,180,0.29793763160705566
rung0,none:0,181,0.39521050453186035
rung0,none:0,182,0.1833139955997467
rung0,none:0,183,0.21138359606266022
rung0,none:0,184,0.20163235068321228
rung0,none:0,185,0.17517319321632385
rung0,none:0,186,0.16341522336006165
rung0,none:0,187,0.17564792931079865
rung0,none:0,188,0.239056795835495
rung0,none:0,189,0.31730055809020996
rung0,none:0,190,0.26516297459602356
rung0,none:0,191,0.20914828777313232
rung0,none:0,192,0.2525164484977722
rung0,none:0,193,0.2110750526189804
rung0,none:0,194,0.274521142244339
rung0,none:0,195,0.2215353548526764
rung0,none:0,196,0.17287082970142365
rung0,none:0,197,0.20070335268974304
rung0,none:0,198,0.3422814607620239
rung0,none:0,199,0.4056382179260254
rung0,none:0,200,0.5635382533073425
rung0,none:0,201,1.9677624702453613
rung0,none:0,202,0.5329725742340088
rung0,none:0,203,0.3655136227607727
rung0,none:0,204,0.4191308319568634
rung0,none:0,205,0.5993099808692932
rung0,none:0,206,0.8202635049819946
rung0,none:0,207,1.1511099338531494
rung0,none:0,208,0.8583410978317261
rung0,none:0,209,0.9515442848205566
rung0,none:0,210,1.9844578504562378
rung0,none:0,211,2.2281768321990967
rung0,none:0,212,3.632549285888672
rung0,none:0,213,2.675868511199951
rung0,none:0,214,4.1190900802612305
rung0,none:0,215,5.3842973709106445
rung0,none:0,216,1.081333875656128
rung0,none:0,217,0.7237563133239746
rung0,none:0,218,0.7523190379142761
rung0,none:0,219,1.0041362047195435
rung0,none:0,220,1.0228822231292725
rung0,none:0,221,0.870876669883728
rung0,none:0,222,0.7493321299552917
rung0,none:0,223,0.5869022607803345
rung0,none:0,224,0.388759970664978
rung0,none:0,225,0.5005275011062622
rung0,none:0,226,0.7884789705276489
rung0,none:0,227,0.9836006164550781
rung0,none:0,228,0.7957762479782104
rung0,none:0,229,0.5961513519287109
rung0,none:0,230,0.9045134782791138
rung0,none:0,231,0.9522697329521179
rung0,none:0,232,1.5320680141448975
rung0,none:0,233,1.036247968673706
rung0,none:0,234,0.7101053595542908
rung0,none:0,235,0.8857091665267944
rung0,none:0,236,1.033207893371582
rung0,none:0,237,0.5101931095123291
rung0,none:0,238,0.32408496737480164
rung0,none:0,239,0.16741403937339783
rung0,none:0,240,0.5760045051574707
rung0,none:0,241,0.26410263776779175
rung0,none:0,242,0.26613372564315796
rung0,none:0,243,0.20651571452617645
rung0,none:0,244,0.5512000918388367
rung0,none:0,245,0.14645594358444214
rung0,none:0,246,0.10222211480140686
rung0,none:0,247,0.1899099051952362
rung0,none:0,248,0.1683306097984314
rung0,none:0,249,0.12091070413589478
rung0,none:0,250,0.3489973545074463
rung0,none:0,251,0.1538558006286621
rung0,none:0,252,0.22625106573104858
rung0,none:0,253,0.33298805356025696
rung0,none:0,254,1.429774522781372
rung0,none:0,255,1.1861357688903809
rung0,none:0,256,1.103297472000122
rung0,none:0,257,0.6175925731658936
rung0,none:0,258,0.4195353090763092
rung0,none:0,259,0.5655234456062317
rung0,none:0,260,0.5424978137016296
rung0,none:0,261,0.9743883013725281
rung0,none:0,262,1.6265848875045776
rung0,none:0,263,1.8818867206573486
rung0,none:0,264,0.8190736174583435
rung0,none:0,265,0.6012548804283142
rung0,none:0,266,0.5134807825088501
rung0,none:0,267,0.5760459899902344
rung0,none:0,268,0.6606745719909668
rung0,none:0,269,1.000652551651001
rung0,none:0,270,0.7834656834602356
rung0,none:0,271,0.6459852457046509
rung0,none:0,272,1.093597412109375
rung0,none:0,273,0.2875272035598755
rung0,none:0,274,0.5695953369140625
rung0,none:0,275,0.20839248597621918
rung0,none:0,276,0.5747365951538086
rung0,none:0,277,0.4010946750640869
rung0,none:0,278,0.29347559809684753
rung0,none:0,279,0.27649790048599243
rung0,none:0,280,0.45841389894485474
rung0,none:0,281,0.4338670074939728
rung0,none:0,282,0.31348916888237
rung0,none:0,283,0.28420141339302063
rung0,none:0,284,0.2498701959848404
rung0,none:0,285,0.21929854154586792
rung0,none:0,286,0.43739092350006104
rung0,none:0,287,0.25157102942466736
rung0,none:0,288,0.3717193603515625
rung0,none:0,289,0.8033722043037415
rung0,none:0,290,0.19397923350334167
rung0,none:0,291,0.2233569622039795
rung0,none:0,292,0.2124239206314087
rung0,none:0,293,1.0930333137512207
rung0,none:0,294,0.4121667742729187
rung0,none:0,295,0.15092961490154266
rung0,none:0,296,0.24740472435951233
rung0,none:0,297,0.49434226751327515
rung0,none:0,298,0.24783819913864136
rung0,none:0,299,0.35394468903541565
rung0,none:0,300,0.32138848304748535
rung0,none:0,301,0.30873602628707886
rung0,none:0,302,0.4807626008987427
rung0,none:0,303,0.7594330310821533
rung0,none:0,304,0.8531302809715271
rung0,none:0,305,0.34375932812690735
rung0,none:0,306,0.40320324897766113
rung0,none:0,307,0.7717801332473755
rung0,none:0,308,1.5897371768951416
rung0,none:0,309,1.6525007486343384
rung0,none:0,310,1.0105527639389038
rung0,none:0,311,0.9345371127128601
rung0,none:0,312,1.2793983221054077
rung0,none:0,313,0.6246472597122192
rung0,none:0,314,1.565130591392517
rung0,none:0,315,1.804832935333252
rung0,none:0,316,1.9760886430740356
rung0,none:0,317,0.645372748374939
rung0,none:0,318,0.8301078081130981
rung0,none:0,319,1.8143603801727295
rung0,none:0,320,2.714427947998047
rung0,none:0,321,3.6562612056732178
rung0,none:0,322,3.506389617919922
rung0,none:0,323,0.05231424421072006
rung0,none:0,324,0.08119750022888184
rung0,none:0,325,0.09278039634227753
rung0,none:0,326,0.10746224969625473
rung0,none:0,327,0.2904351055622101
rung0,none:0,328,0.11975396424531937
rung0,none:0,329,0.16433614492416382
rung0,none:0,330,1.2491517066955566
rung0,none:0,331,0.9268167018890381
rung0,none:0,332,0.06600573658943176
rung0,none:0,333,0.0542738139629364
rung0,none:0,334,0.05569448322057724
rung0,none:0,335,0.10465892404317856
rung0,none:0,336,0.20836535096168518
rung0,none:0,337,0.3028852045536041
rung0,none:0,338,0.3603929281234741
rung0,none:0,339,0.39503955841064453
rung0,none:0,340,0.4605907201766968
rung0,none:0,341,0.49867868423461914
rung0,none:0,342,2.8642725944519043
rung0,none:0,343,4.653983116149902
rung0,none:0,344,0.2921715974807739
rung0,none:0,345,0.6230390071868896
rung0,none:0,346,1.159698486328125
rung0,none:0,347,1.7509645223617554
rung0,none:0,348,2.6786882877349854
rung0,none:0,349,3.0038020610809326
rung0,none:0,350,1.3326153755187988
rung0,none:0,351,1.0171411037445068
rung0,none:0,352,0.6964172720909119
rung0,none:0,353,0.4562808871269226
rung0,none:0,354,1.0140798091888428
rung0,none:0,355,1.065478801727295
rung0,none:0,356,0.22705382108688354
rung0,none:0,357,0.2292797565460205
rung0,none:0,358,0.7785012125968933
rung0,none:0,359,0.18931809067726135
rung0,none:0,360,0.6390730738639832
rung0,none:0,361,0.6770023107528687
rung0,none:0,362,0.7268255352973938
rung0,none:0,363,0.6845145225524902
rung0,none:0,364,0.411356121301651
rung0,none:0,365,0.36593911051750183
rung0,none:0,366,1.141073226928711
rung0,none:0,367,1.7411472797393799
rung0,none:0,368,1.1106590032577515
rung0,none:0,369,0.7489978075027466
rung0,none:0,370,0.9531635642051697
rung0,none:0,371,0.8024638891220093
rung0,none:0,372,0.6226556301116943
rung0,none:0,373,0.5622807741165161
rung0,none:0,374,0.9099681973457336
rung0,none:0,375,1.2589199542999268
rung0,none:0,376,2.0139663219451904
rung0,none:0,377,2.7792258262634277
rung0,none:0,378,4.04672384262085
rung0,none:0,379,4.578014850616455
rung0,none:0,380,3.2588024139404297
rung0,none:0,381,4.2621989250183105
rung0,none:0,382,3.2431132793426514
rung0,none:0,383,1.478589653968811
rung0,none:0,384,0.8537306785583496
rung0,none:0,385,0.9224585294723511
rung0,none:0,386,0.7792829275131226
rung0,none:0,387,1.2943164110183716
rung0,none:0,388,0.2987894117832184
rung0,none:0,389,0.31246548891067505
rung0,none:0,390,0.2003684639930725
rung0,none:0,391,1.1185749769210815
rung0,none:0,392,1.320381760597229
rung0,none:0,393,1.0592831373214722
rung0,none:0,394,0.6359118223190308
rung0,none:0,395,0.5573136806488037
rung0,none:0,396,0.46228718757629395
rung0,none:0,397,1.0226036310195923
rung0,none:0,398,1.0794483423233032
rung0,none:0,399,0.40876102447509766
rung0,none:0,400,0.21761983633041382
rung0,none:0,401,0.16504010558128357
rung0,none:0,402,0.3841836452484131
rung0,none:0,403,0.19559569656848907
rung0,none:0,404,0.5420885682106018
rung0,none:0,405,0.2897423505783081
rung0,none:0,406,0.2804897427558899
rung0,none:0,407,0.19784657657146454
rung0,none:0,408,0.20138901472091675
rung0,none:0,409,0.6793923377990723
rung0,none:0,410,0.8600613474845886
rung0,none:0,411,0.3214994966983795
rung0,none:0,412,0.17603333294391632
rung0,none:0,413,0.16180160641670227
rung0,none:0,414,0.6439974308013916
rung0,none:0,415,0.39238205552101135
rung0,none:0,416,0.22645384073257446
rung0,none:0,417,0.2111601084470749
rung0,none:0,418,0.2141312062740326
rung0,none:0,419,0.24626541137695312
rung0,none:0,420,0.19883215427398682
rung0,none:0,421,0.2181699126958847
rung0,none:0,422,0.4960622489452362
rung0,none:0,423,0.604101300239563
rung0,none:0,424,0.2763528823852539
rung0,none:0,425,0.1998564898967743
rung0,none:0,426,0.22241589426994324
rung0,none:0,427,0.5747549533843994
rung0,none:0,428,0.21953874826431274
rung0,none:0,429,0.5343981981277466
rung0,none:0,430,0.4333992004394531
rung0,none:0,431,0.2279880940914154
rung0,none:0,432,0.20639678835868835
rung0,none:0,433,0.3362550735473633
rung0,none:0,434,0.37153053283691406
rung0,none:0,435,0.24037285149097443
rung0,none:0,436,0.4761766195297241
rung0,none:0,437,0.23858210444450378
rung0,none:0,438,0.25891393423080444
rung0,none:0,439,0.20149151980876923
rung0,none:0,440,0.5606301426887512
rung0,none:0,441,0.29212749004364014
rung0,none:0,442,0.2583858072757721
rung0,none:0,443,0.23734985291957855
rung0,none:0,444,0.6933208703994751
rung0,none:0,445,0.27242225408554077
rung0,none:0,446,0.22012105584144592
rung0,none:0,447,0.1978605091571808
rung0,none:0,448,0.9634258151054382
rung0,none:0,449,0.16032692790031433
rung0,none:0,450,0.2678576111793518
rung0,none:0,451,0.5490527153015137
rung0,none:0,452,0.24628806114196777
rung0,none:0,453,0.31139856576919556
rung0,none:0,454,0.5881876945495605
rung0,none:0,455,0.5312366485595703
rung0,none:0,456,0.5816801190376282
rung0,none:0,457,0.7661477327346802
rung0,none:0,458,1.208803415298462
rung0,none:0,459,1.832284927368164
rung0,none:0,460,1.9298417568206787
rung0,none:0,461,1.3850352764129639
rung0,none:0,462,1.166911005973816
rung0,none:0,463,0.5553289651870728
rung0,none:0,464,0.46380841732025146
rung0,none:0,465,0.8364443182945251
rung0,none:0,466,0.9566812515258789
rung0,none:0,467,1.4672555923461914
rung0,none:0,468,1.7816364765167236
rung0,none:0,469,0.8120349645614624
rung0,none:0,470,0.7785034775733948
rung0,none:0,471,0.6885713338851929
rung0,none:0,472,1.3664389848709106
rung0,none:0,473,0.33540165424346924
rung0,none:0,474,0.31228506565093994
rung0,none:0,475,0.2906620502471924
rung0,none:0,476,0.20859485864639282
rung0,none:0,477,0.23259639739990234
rung0,none:0,478,0.1694319248199463
rung0,none:0,479,0.25248897075653076
rung0,camera:0.5,0,1.2293872833251953
rung0,camera:0.5,1,1.1646103858947754
rung0,camera:0.5,2,1.2400808334350586
rung0,camera:0.5,3,0.6724048852920532
rung0,camera:0.5,4,0.46000808477401733
rung0,camera:0.5,5,1.240562915802002
rung0,camera:0.5,6,1.3799283504486084
rung0,camera:0.5,7,0.33458441495895386
rung0,camera:0.5,8,0.6199667453765869
rung0,camera:0.5,9,0.962999165058136
rung0,camera:0.5,10,0.8448848724365234
rung0,camera:0.5,11,0.30216294527053833
rung0,camera:0.5,12,0.19956830143928528
rung0,camera:0.5,13,0.25794661045074463
rung0,camera:0.5,14,0.15413124859333038
rung0,camera:0.5,15,0.17300847172737122
rung0,camera:0.5,16,0.2708089351654053
rung0,camera:0.5,17,0.24720150232315063
rung0,camera:0.5,18,0.18082953989505768
rung0,camera:0.5,19,0.23400872945785522
rung0,camera:0.5,20,0.7254880666732788
rung0,camera:0.5,21,0.29496780037879944
rung0,camera:0.5,22,0.21594133973121643
rung0,camera:0.5,23,0.22681373357772827
rung0,camera:0.5,24,0.5083035230636597
rung0,camera:0.5,25,0.26320552825927734
rung0,camera:0.5,26,0.22884151339530945
rung0,camera:0.5,27,0.2808700203895569
rung0,camera:0.5,28,0.58438640832901
rung0,camera:0.5,29,0.3329674303531647
rung0,camera:0.5,30,0.23418152332305908
rung0,camera:0.5,31,0.135964035987854
rung0,camera:0.5,32,0.2544492483139038
rung0,camera:0.5,33,0.5723193883895874
rung0,camera:0.5,34,0.15112042427062988
rung0,camera:0.5,35,0.08457209169864655
rung0,camera:0.5,36,0.5297340154647827
rung0,camera:0.5,37,0.6629612445831299
rung0,camera:0.5,38,0.13510966300964355
rung0,camera:0.5,39,0.13486549258232117
rung0,camera:0.5,40,0.15879285335540771
rung0,camera:0.5,41,0.8066457509994507
rung0,camera:0.5,42,0.2531322240829468
rung0,camera:0.5,43,0.14729052782058716
rung0,camera:0.5,44,0.5451182126998901
rung0,camera:0.5,45,1.0496095418930054
rung0,camera:0.5,46,0.2836679220199585
rung0,camera:0.5,47,0.16885533928871155
rung0,camera:0.5,48,0.2796787619590759
rung0,camera:0.5,49,0.5955901145935059
rung0,camera:0.5,50,0.520933985710144
rung0,camera:0.5,51,0.7980791926383972
rung0,camera:0.5,52,0.6516440510749817
rung0,camera:0.5,53,0.5767405033111572
rung0,camera:0.5,54,0.34757041931152344
rung0,camera:0.5,55,0.6616559028625488
rung0,camera:0.5,56,1.0928869247436523
rung0,camera:0.5,57,1.7638089656829834
rung0,camera:0.5,58,1.802269458770752
rung0,camera:0.5,59,2.308321237564087
rung0,camera:0.5,60,2.0735554695129395
rung0,camera:0.5,61,2.086533546447754
rung0,camera:0.5,62,0.7741952538490295
rung0,camera:0.5,63,0.4705882668495178
rung0,camera:0.5,64,0.77768874168396
rung0,camera:0.5,65,1.102945327758789
rung0,camera:0.5,66,2.1074249744415283
rung0,camera:0.5,67,2.5425000190734863
rung0,camera:0.5,68,2.4482791423797607
rung0,camera:0.5,69,3.2453479766845703
rung0,camera:0.5,70,3.9892501831054688
rung0,camera:0.5,71,1.5635961294174194
rung0,camera:0.5,72,0.6508026719093323
rung0,camera:0.5,73,0.5964118838310242
rung0,camera:0.5,74,0.599632740020752
rung0,camera:0.5,75,0.9091800451278687
rung0,camera:0.5,76,0.2159176617860794
rung0,camera:0.5,77,0.3218454122543335
rung0,camera:0.5,78,0.6882572174072266
rung0,camera:0.5,79,0.15639401972293854
rung0,camera:0.5,80,0.3633773922920227
rung0,camera:0.5,81,0.40394410490989685
rung0,camera:0.5,82,0.676368772983551
rung0,camera:0.5,83,0.6947600841522217
rung0,camera:0.5,84,1.1978410482406616
rung0,camera:0.5,85,0.9667081832885742
rung0,camera:0.5,86,1.6164740324020386
rung0,camera:0.5,87,1.0586097240447998
rung0,camera:0.5,88,1.4941225051879883
rung0,camera:0.5,89,1.020409107208252
rung0,camera:0.5,90,0.7624300718307495
rung0,camera:0.5,91,0.5700750350952148
rung0,camera:0.5,92,0.16643336415290833
rung0,camera:0.5,93,0.16418899595737457
rung0,camera:0.5,94,0.18878969550132751
rung0,camera:0.5,95,0.36594048142433167
rung0,camera:0.5,96,0.46771419048309326
rung0,camera:0.5,97,0.16593313217163086
rung0,camera:0.5,98,0.1551768183708191
rung0,camera:0.5,99,0.2655040919780731
rung0,camera:0.5,100,0.16126583516597748
rung0,camera:0.5,101,0.23642486333847046
rung0,camera:0.5,102,0.22956892848014832
rung0,camera:0.5,103,0.33836275339126587
rung0,camera:0.5,104,0.199957013130188
rung0,camera:0.5,105,0.15509894490242004
rung0,camera:0.5,106,0.29449397325515747
rung0,camera:0.5,107,0.28386935591697693
rung0,camera:0.5,108,0.1921088695526123
rung0,camera:0.5,109,0.41655585169792175
rung0,camera:0.5,110,0.31435516476631165
rung0,camera:0.5,111,0.23329056799411774
rung0,camera:0.5,112,0.3368297219276428
rung0,camera:0.5,113,0.1287962794303894
rung0,camera:0.5,114,0.13547095656394958
rung0,camera:0.5,115,0.5564945936203003
rung0,camera:0.5,116,0.437513142824173
rung0,camera:0.5,117,0.1371062844991684
rung0,camera:0.5,118,0.2814022898674011
rung0,camera:0.5,119,0.34936144948005676
rung0,camera:0.5,120,0.5326493382453918
rung0,camera:0.5,121,0.3035721480846405
rung0,camera:0.5,122,0.24920335412025452
rung0,camera:0.5,123,0.37688255310058594
rung0,camera:0.5,124,0.6656128764152527
rung0,camera:0.5,125,0.6211642026901245
rung0,camera:0.5,126,0.20325663685798645
rung0,camera:0.5,127,0.18544314801692963
rung0,camera:0.5,128,0.8478624224662781
rung0,camera:0.5,129,0.38141727447509766
rung0,camera:0.5,130,0.227716326713562
rung0,camera:0.5,131,0.29436033964157104
rung0,camera:0.5,132,0.7916855812072754
rung0,camera:0.5,133,0.37530994415283203
rung0,camera:0.5,134,0.3657914996147156
rung0,camera:0.5,135,0.1647927165031433
rung0,camera:0.5,136,0.3886018693447113
rung0,camera:0.5,137,0.30486202239990234
rung0,camera:0.5,138,0.2846377193927765
rung0,camera:0.5,139,0.2613832354545593
rung0,camera:0.5,140,0.5170988440513611
rung0,camera:0.5,141,0.5219156742095947
rung0,camera:0.5,142,0.18433959782123566
rung0,camera:0.5,143,0.20026874542236328
rung0,camera:0.5,144,0.2835603654384613
rung0,camera:0.5,145,0.42846477031707764
rung0,camera:0.5,146,0.19313158094882965
rung0,camera:0.5,147,0.2953706383705139
rung0,camera:0.5,148,0.2537066340446472
rung0,camera:0.5,149,0.5327381491661072
rung0,camera:0.5,150,0.2673305869102478
rung0,camera:0.5,151,0.42924994230270386
rung0,camera:0.5,152,0.3040153682231903
rung0,camera:0.5,153,0.4948410093784332
rung0,camera:0.5,154,0.19304785132408142
rung0,camera:0.5,155,1.4385929107666016
rung0,camera:0.5,156,1.132925271987915
rung0,camera:0.5,157,1.0801098346710205
rung0,camera:0.5,158,0.7060547471046448
rung0,camera:0.5,159,0.730215847492218
rung0,camera:0.5,160,1.2833328247070312
rung0,camera:0.5,161,1.3281188011169434
rung0,camera:0.5,162,0.890011191368103
rung0,camera:0.5,163,0.9992027282714844
rung0,camera:0.5,164,0.8797010183334351
rung0,camera:0.5,165,0.730972170829773
rung0,camera:0.5,166,0.393968403339386
rung0,camera:0.5,167,0.44800740480422974
rung0,camera:0.5,168,0.22156304121017456
rung0,camera:0.5,169,0.2631513476371765
rung0,camera:0.5,170,0.5401221513748169
rung0,camera:0.5,171,0.49666091799736023
rung0,camera:0.5,172,0.281644731760025
rung0,camera:0.5,173,0.7164862155914307
rung0,camera:0.5,174,0.2026633322238922
rung0,camera:0.5,175,0.6455653309822083
rung0,camera:0.5,176,0.23314690589904785
rung0,camera:0.5,177,0.17927806079387665
rung0,camera:0.5,178,0.3551784157752991
rung0,camera:0.5,179,0.46222853660583496
rung0,camera:0.5,180,0.30130547285079956
rung0,camera:0.5,181,0.46331626176834106
rung0,camera:0.5,182,0.20756283402442932
rung0,camera:0.5,183,0.31877321004867554
rung0,camera:0.5,184,0.20747359097003937
rung0,camera:0.5,185,0.18805932998657227
rung0,camera:0.5,186,0.16608721017837524
rung0,camera:0.5,187,0.1861369013786316
rung0,camera:0.5,188,0.28449752926826477
rung0,camera:0.5,189,0.37650230526924133
rung0,camera:0.5,190,0.2666463851928711
rung0,camera:0.5,191,0.28105273842811584
rung0,camera:0.5,192,0.2560608386993408
rung0,camera:0.5,193,0.31881678104400635
rung0,camera:0.5,194,0.4639667272567749
rung0,camera:0.5,195,0.2678501605987549
rung0,camera:0.5,196,0.20376810431480408
rung0,camera:0.5,197,0.25467172265052795
rung0,camera:0.5,198,0.341518372297287
rung0,camera:0.5,199,0.42091768980026245
rung0,camera:0.5,200,0.5671648383140564
rung0,camera:0.5,201,1.8979637622833252
rung0,camera:0.5,202,0.41141796112060547
rung0,camera:0.5,203,0.3479769825935364
rung0,camera:0.5,204,0.42732059955596924
rung0,camera:0.5,205,0.6013984084129333
rung0,camera:0.5,206,0.8518662452697754
rung0,camera:0.5,207,1.1733012199401855
rung0,camera:0.5,208,0.9894212484359741
rung0,camera:0.5,209,1.0412092208862305
rung0,camera:0.5,210,1.787164568901062
rung0,camera:0.5,211,2.052633285522461
rung0,camera:0.5,212,3.2894954681396484
rung0,camera:0.5,213,2.47573184967041
rung0,camera:0.5,214,3.630924701690674
rung0,camera:0.5,215,5.326844215393066
rung0,camera:0.5,216,1.13248610496521
rung0,camera:0.5,217,0.6165648698806763
rung0,camera:0.5,218,0.540932834148407
rung0,camera:0.5,219,1.0634392499923706
rung0,camera:0.5,220,1.046053171157837
rung0,camera:0.5,221,0.9769084453582764
rung0,camera:0.5,222,0.9641082286834717
rung0,camera:0.5,223,0.8933322429656982
rung0,camera:0.5,224,0.36010199785232544
rung0,camera:0.5,225,0.5131654143333435
rung0,camera:0.5,226,0.7522507905960083
rung0,camera:0.5,227,1.0256370306015015
rung0,camera:0.5,228,0.8904660940170288
rung0,camera:0.5,229,0.6076710224151611
rung0,camera:0.5,230,0.9180225133895874
rung0,camera:0.5,231,1.080714464187622
rung0,camera:0.5,232,1.6215505599975586
rung0,camera:0.5,233,1.1478397846221924
rung0,camera:0.5,234,0.9390676021575928
rung0,camera:0.5,235,1.0975451469421387
rung0,camera:0.5,236,1.2569912672042847
rung0,camera:0.5,237,0.6052178740501404
rung0,camera:0.5,238,0.4717644453048706
rung0,camera:0.5,239,0.20076389610767365
rung0,camera:0.5,240,0.6809352040290833
rung0,camera:0.5,241,0.21865718066692352
rung0,camera:0.5,242,0.2721989154815674
rung0,camera:0.5,243,0.26961424946784973
rung0,camera:0.5,244,0.8304822444915771
rung0,camera:0.5,245,0.13808128237724304
rung0,camera:0.5,246,0.19551682472229004
rung0,camera:0.5,247,0.42494991421699524
rung0,camera:0.5,248,0.38174331188201904
rung0,camera:0.5,249,0.3136402368545532
rung0,camera:0.5,250,0.6611670255661011
rung0,camera:0.5,251,0.3534238636493683
rung0,camera:0.5,252,0.38709089159965515
rung0,camera:0.5,253,0.26492834091186523
rung0,camera:0.5,254,1.4225356578826904
rung0,camera:0.5,255,1.1843340396881104
rung0,camera:0.5,256,1.1094722747802734
rung0,camera:0.5,257,0.6453064680099487
rung0,camera:0.5,258,0.49054157733917236
rung0,camera:0.5,259,0.6325581073760986
rung0,camera:0.5,260,0.5815260410308838
rung0,camera:0.5,261,0.8338306546211243
rung0,camera:0.5,262,1.3696277141571045
rung0,camera:0.5,263,1.7061587572097778
rung0,camera:0.5,264,0.7605999708175659
rung0,camera:0.5,265,0.7683556079864502
rung0,camera:0.5,266,0.5416232943534851
rung0,camera:0.5,267,0.5937643051147461
rung0,camera:0.5,268,0.7497413754463196
rung0,camera:0.5,269,1.18641996383667
rung0,camera:0.5,270,0.9880168437957764
rung0,camera:0.5,271,0.9028286337852478
rung0,camera:0.5,272,1.3161132335662842
rung0,camera:0.5,273,0.4082358181476593
rung0,camera:0.5,274,0.4424070417881012
rung0,camera:0.5,275,0.3541627824306488
rung0,camera:0.5,276,0.9506658315658569
rung0,camera:0.5,277,0.5298930406570435
rung0,camera:0.5,278,0.29799801111221313
rung0,camera:0.5,279,0.47499218583106995
rung0,camera:0.5,280,0.5898116827011108
rung0,camera:0.5,281,0.500781238079071
rung0,camera:0.5,282,0.32094940543174744
rung0,camera:0.5,283,0.4324379861354828
rung0,camera:0.5,284,0.3294014632701874
rung0,camera:0.5,285,0.23393045365810394
rung0,camera:0.5,286,0.37504833936691284
rung0,camera:0.5,287,0.21071377396583557
rung0,camera:0.5,288,0.5169261693954468
rung0,camera:0.5,289,0.9772020578384399
rung0,camera:0.5,290,0.2253292053937912
rung0,camera:0.5,291,0.2198503017425537
rung0,camera:0.5,292,0.3883665204048157
rung0,camera:0.5,293,1.2311577796936035
rung0,camera:0.5,294,0.6477288603782654
rung0,camera:0.5,295,0.15193010866641998
rung0,camera:0.5,296,0.4308326840400696
rung0,camera:0.5,297,0.7361785769462585
rung0,camera:0.5,298,0.3306465446949005
rung0,camera:0.5,299,0.2667781114578247
rung0,camera:0.5,300,0.27548474073410034
rung0,camera:0.5,301,0.3634037375450134
rung0,camera:0.5,302,0.4141334891319275
rung0,camera:0.5,303,0.6141805648803711
rung0,camera:0.5,304,0.6217082738876343
rung0,camera:0.5,305,0.2229350507259369
rung0,camera:0.5,306,0.40136897563934326
rung0,camera:0.5,307,0.7767011523246765
rung0,camera:0.5,308,1.5566679239273071
rung0,camera:0.5,309,1.6526157855987549
rung0,camera:0.5,310,1.0266187191009521
rung0,camera:0.5,311,0.9836703538894653
rung0,camera:0.5,312,1.3788269758224487
rung0,camera:0.5,313,0.6274274587631226
rung0,camera:0.5,314,1.511597752571106
rung0,camera:0.5,315,1.7667796611785889
rung0,camera:0.5,316,1.94032621383667
rung0,camera:0.5,317,0.6759552359580994
rung0,camera:0.5,318,0.8143696188926697
rung0,camera:0.5,319,1.6769630908966064
rung0,camera:0.5,320,2.4257404804229736
rung0,camera:0.5,321,3.607053279876709
rung0,camera:0.5,322,3.4708099365234375
rung0,camera:0.5,323,0.058128878474235535
rung0,camera:0.5,324,0.07821156084537506
rung0,camera:0.5,325,0.08798880875110626
rung0,camera:0.5,326,0.10017447173595428
rung0,camera:0.5,327,0.40130719542503357
rung0,camera:0.5,328,0.11680381000041962
rung0,camera:0.5,329,0.23246946930885315
rung0,camera:0.5,330,1.29278564453125
rung0,camera:0.5,331,0.9378881454467773
rung0,camera:0.5,332,0.08647482097148895
rung0,camera:0.5,333,0.06703739613294601
rung0,camera:0.5,334,0.06760755181312561
rung0,camera:0.5,335,0.10700059682130814
rung0,camera:0.5,336,0.20634017884731293
rung0,camera:0.5,337,0.29348137974739075
rung0,camera:0.5,338,0.34462952613830566
rung0,camera:0.5,339,0.3883283734321594
rung0,camera:0.5,340,0.4253785014152527
rung0,camera:0.5,341,0.4993476867675781
rung0,camera:0.5,342,2.741213798522949
rung0,camera:0.5,343,4.426088333129883
rung0,camera:0.5,344,0.29101166129112244
rung0,camera:0.5,345,0.610220193862915
rung0,camera:0.5,346,1.142799973487854
rung0,camera:0.5,347,1.7863742113113403
rung0,camera:0.5,348,2.720329761505127
rung0,camera:0.5,349,3.003973960876465
rung0,camera:0.5,350,1.4198558330535889
rung0,camera:0.5,351,1.1250697374343872
rung0,camera:0.5,352,0.7017289400100708
rung0,camera:0.5,353,0.5627012252807617
rung0,camera:0.5,354,0.8445590734481812
rung0,camera:0.5,355,1.0399391651153564
rung0,camera:0.5,356,0.2904655337333679
rung0,camera:0.5,357,0.16436579823493958
rung0,camera:0.5,358,0.7835726737976074
rung0,camera:0.5,359,0.35253190994262695
rung0,camera:0.5,360,0.9701918959617615
rung0,camera:0.5,361,0.8038527965545654
rung0,camera:0.5,362,0.7315437197685242
rung0,camera:0.5,363,0.8957626819610596
rung0,camera:0.5,364,0.5061110854148865
rung0,camera:0.5,365,0.5277791619300842
rung0,camera:0.5,366,1.6128652095794678
rung0,camera:0.5,367,1.8602073192596436
rung0,camera:0.5,368,1.1393249034881592
rung0,camera:0.5,369,1.0153512954711914
rung0,camera:0.5,370,1.333557367324829
rung0,camera:0.5,371,0.9673355221748352
rung0,camera:0.5,372,0.8386286497116089
rung0,camera:0.5,373,0.5882312059402466
rung0,camera:0.5,374,0.8585004806518555
rung0,camera:0.5,375,1.2254822254180908
rung0,camera:0.5,376,1.9776780605316162
rung0,camera:0.5,377,2.7997870445251465
rung0,camera:0.5,378,4.046466827392578
rung0,camera:0.5,379,4.326864242553711
rung0,camera:0.5,380,3.1880106925964355
rung0,camera:0.5,381,4.252436637878418
rung0,camera:0.5,382,3.0132808685302734
rung0,camera:0.5,383,1.3899823427200317
rung0,camera:0.5,384,0.8898178339004517
rung0,camera:0.5,385,0.9891180992126465
rung0,camera:0.5,386,0.8107046484947205
rung0,camera:0.5,387,1.5046122074127197
rung0,camera:0.5,388,0.5132472515106201
rung0,camera:0.5,389,0.22180038690567017
rung0,camera:0.5,390,0.2745528519153595
rung0,camera:0.5,391,1.1878271102905273
rung0,camera:0.5,392,1.2558332681655884
rung0,camera:0.5,393,1.046522617340088
rung0,camera:0.5,394,0.6369441747665405
rung0,camera:0.5,395,0.5275946855545044
rung0,camera:0.5,396,0.5247666835784912
rung0,camera:0.5,397,0.9737941026687622
rung0,camera:0.5,398,1.0795016288757324
rung0,camera:0.5,399,0.37677496671676636
rung0,camera:0.5,400,0.2030145525932312
rung0,camera:0.5,401,0.16852426528930664
rung0,camera:0.5,402,0.3609088957309723
rung0,camera:0.5,403,0.19318270683288574
rung0,camera:0.5,404,0.5153000354766846
rung0,camera:0.5,405,0.23392313718795776
rung0,camera:0.5,406,0.34598368406295776
rung0,camera:0.5,407,0.19725947082042694
rung0,camera:0.5,408,0.20151576399803162
rung0,camera:0.5,409,0.6443910598754883
rung0,camera:0.5,410,0.8952429294586182
rung0,camera:0.5,411,0.32166579365730286
rung0,camera:0.5,412,0.17598894238471985
rung0,camera:0.5,413,0.17046964168548584
rung0,camera:0.5,414,0.5845819711685181
rung0,camera:0.5,415,0.392361044883728
rung0,camera:0.5,416,0.24465793371200562
rung0,camera:0.5,417,0.21136172115802765
rung0,camera:0.5,418,0.20344150066375732
rung0,camera:0.5,419,0.2009049504995346
rung0,camera:0.5,420,0.2036222517490387
rung0,camera:0.5,421,0.23078720271587372
rung0,camera:0.5,422,0.4635615050792694
rung0,camera:0.5,423,0.570137083530426
rung0,camera:0.5,424,0.2762882709503174
rung0,camera:0.5,425,0.19587840139865875
rung0,camera:0.5,426,0.2235785275697708
rung0,camera:0.5,427,0.6075927019119263
rung0,camera:0.5,428,0.2206445336341858
rung0,camera:0.5,429,0.5669367909431458
rung0,camera:0.5,430,0.46643978357315063
rung0,camera:0.5,431,0.2006906419992447
rung0,camera:0.5,432,0.20657747983932495
rung0,camera:0.5,433,0.38252896070480347
rung0,camera:0.5,434,0.40347757935523987
rung0,camera:0.5,435,0.25871384143829346
rung0,camera:0.5,436,0.37624114751815796
rung0,camera:0.5,437,0.28362226486206055
rung0,camera:0.5,438,0.2903849482536316
rung0,camera:0.5,439,0.3334667384624481
rung0,camera:0.5,440,0.29873591661453247
rung0,camera:0.5,441,0.2450707107782364
rung0,camera:0.5,442,0.3197703957557678
rung0,camera:0.5,443,0.29183927178382874
rung0,camera:0.5,444,0.45606642961502075
rung0,camera:0.5,445,0.22593873739242554
rung0,camera:0.5,446,0.21908730268478394
rung0,camera:0.5,447,0.19584807753562927
rung0,camera:0.5,448,0.9302321076393127
rung0,camera:0.5,449,0.16971419751644135
rung0,camera:0.5,450,0.28065627813339233
rung0,camera:0.5,451,0.5828784704208374
rung0,camera:0.5,452,0.6204716563224792
rung0,camera:0.5,453,0.49908387660980225
rung0,camera:0.5,454,0.6818994283676147
rung0,camera:0.5,455,0.5681401491165161
rung0,camera:0.5,456,0.7131086587905884
rung0,camera:0.5,457,0.7383922338485718
rung0,camera:0.5,458,1.2071130275726318
rung0,camera:0.5,459,1.8483184576034546
rung0,camera:0.5,460,2.0237364768981934
rung0,camera:0.5,461,1.4899321794509888
rung0,camera:0.5,462,1.2250261306762695
rung0,camera:0.5,463,0.5336833596229553
rung0,camera:0.5,464,0.4643206000328064
rung0,camera:0.5,465,0.8214012384414673
rung0,camera:0.5,466,0.9201352596282959
rung0,camera:0.5,467,1.43616783618927
rung0,camera:0.5,468,1.739084005355835
rung0,camera:0.5,469,0.8556632995605469
rung0,camera:0.5,470,0.789138674736023
rung0,camera:0.5,471,0.6933343410491943
rung0,camera:0.5,472,1.3499606847763062
rung0,camera:0.5,473,0.380714476108551
rung0,camera:0.5,474,0.3600102663040161
rung0,camera:0.5,475,0.32919687032699585
rung0,camera:0.5,476,0.2625817358493805
rung0,camera:0.5,477,0.26231592893600464
rung0,camera:0.5,478,0.21904905140399933
rung0,camera:0.5,479,0.3128383755683899
rung0,camera:1.0,0,1.2190113067626953
rung0,camera:1.0,1,1.173319697380066
rung0,camera:1.0,2,1.2694000005722046
rung0,camera:1.0,3,0.7141677141189575
rung0,camera:1.0,4,0.49684423208236694
rung0,camera:1.0,5,1.3712687492370605
rung0,camera:1.0,6,1.4500792026519775
rung0,camera:1.0,7,0.3165808320045471
rung0,camera:1.0,8,0.7715427875518799
rung0,camera:1.0,9,1.1956753730773926
rung0,camera:1.0,10,1.2923228740692139
rung0,camera:1.0,11,0.30485549569129944
rung0,camera:1.0,12,0.20063623785972595
rung0,camera:1.0,13,0.4163056015968323
rung0,camera:1.0,14,0.1559576690196991
rung0,camera:1.0,15,0.16813214123249054
rung0,camera:1.0,16,0.4476277530193329
rung0,camera:1.0,17,0.30273619294166565
rung0,camera:1.0,18,0.16808950901031494
rung0,camera:1.0,19,0.35475531220436096
rung0,camera:1.0,20,1.1377736330032349
rung0,camera:1.0,21,0.3481117784976959
rung0,camera:1.0,22,0.24331891536712646
rung0,camera:1.0,23,0.28830692172050476
rung0,camera:1.0,24,0.8412138223648071
rung0,camera:1.0,25,0.29654520750045776
rung0,camera:1.0,26,0.21641801297664642
rung0,camera:1.0,27,0.4596171975135803
rung0,camera:1.0,28,0.9901511073112488
rung0,camera:1.0,29,0.5125999450683594
rung0,camera:1.0,30,0.19521315395832062
rung0,camera:1.0,31,0.16105124354362488
rung0,camera:1.0,32,0.5806331038475037
rung0,camera:1.0,33,0.9230055809020996
rung0,camera:1.0,34,0.29066240787506104
rung0,camera:1.0,35,0.14002355933189392
rung0,camera:1.0,36,0.9049735069274902
rung0,camera:1.0,37,1.01375412940979
rung0,camera:1.0,38,0.1937217265367508
rung0,camera:1.0,39,0.13846877217292786
rung0,camera:1.0,40,0.23999977111816406
rung0,camera:1.0,41,1.1214348077774048
rung0,camera:1.0,42,0.39141032099723816
rung0,camera:1.0,43,0.10584819316864014
rung0,camera:1.0,44,0.8218004107475281
rung0,camera:1.0,45,1.3998314142227173
rung0,camera:1.0,46,0.4175179600715637
rung0,camera:1.0,47,0.21857979893684387
rung0,camera:1.0,48,0.43189385533332825
rung0,camera:1.0,49,0.9278460741043091
rung0,camera:1.0,50,0.4919210970401764
rung0,camera:1.0,51,0.7502899169921875
rung0,camera:1.0,52,0.5396748781204224
rung0,camera:1.0,53,0.3079833984375
rung0,camera:1.0,54,0.36317092180252075
rung0,camera:1.0,55,0.6584358811378479
rung0,camera:1.0,56,1.086362600326538
rung0,camera:1.0,57,1.7004177570343018
rung0,camera:1.0,58,1.825592041015625
rung0,camera:1.0,59,2.342658758163452
rung0,camera:1.0,60,2.054734706878662
rung0,camera:1.0,61,1.944951057434082
rung0,camera:1.0,62,0.796239972114563
rung0,camera:1.0,63,0.44948017597198486
rung0,camera:1.0,64,0.7505799531936646
rung0,camera:1.0,65,1.0806593894958496
rung0,camera:1.0,66,2.138462543487549
rung0,camera:1.0,67,2.620762348175049
rung0,camera:1.0,68,2.66741943359375
rung0,camera:1.0,69,3.5307083129882812
rung0,camera:1.0,70,4.247904300689697
rung0,camera:1.0,71,1.7820006608963013
rung0,camera:1.0,72,0.6214706301689148
rung0,camera:1.0,73,0.5525534152984619
rung0,camera:1.0,74,0.54360032081604
rung0,camera:1.0,75,0.9329925179481506
rung0,camera:1.0,76,0.12601417303085327
rung0,camera:1.0,77,0.41568639874458313
rung0,camera:1.0,78,0.8960006237030029
rung0,camera:1.0,79,0.14851868152618408
rung0,camera:1.0,80,0.36274397373199463
rung0,camera:1.0,81,0.3884779214859009
rung0,camera:1.0,82,0.720257043838501
rung0,camera:1.0,83,0.7060461044311523
rung0,camera:1.0,84,1.1946617364883423
rung0,camera:1.0,85,1.1181234121322632
rung0,camera:1.0,86,1.908370852470398
rung0,camera:1.0,87,1.124962568283081
rung0,camera:1.0,88,1.4480801820755005
rung0,camera:1.0,89,1.0268974304199219
rung0,camera:1.0,90,0.8681729435920715
rung0,camera:1.0,91,0.6477230787277222
rung0,camera:1.0,92,0.1811118870973587
rung0,camera:1.0,93,0.16740682721138
rung0,camera:1.0,94,0.29837876558303833
rung0,camera:1.0,95,0.5686731934547424
rung0,camera:1.0,96,0.5723904371261597
rung0,camera:1.0,97,0.25259822607040405
rung0,camera:1.0,98,0.2438998818397522
rung0,camera:1.0,99,0.490891695022583
rung0,camera:1.0,100,0.19068211317062378
rung0,camera:1.0,101,0.18448001146316528
rung0,camera:1.0,102,0.4046344757080078
rung0,camera:1.0,103,0.6709452271461487
rung0,camera:1.0,104,0.17886629700660706
rung0,camera:1.0,105,0.30854886770248413
rung0,camera:1.0,106,0.15658794343471527
rung0,camera:1.0,107,0.5516296029090881
rung0,camera:1.0,108,0.18199850618839264
rung0,camera:1.0,109,0.3373880982398987
rung0,camera:1.0,110,0.23295184969902039
rung0,camera:1.0,111,0.4609665274620056
rung0,camera:1.0,112,0.5226074457168579
rung0,camera:1.0,113,0.2764427065849304
rung0,camera:1.0,114,0.2501380443572998
rung0,camera:1.0,115,0.8535307049751282
rung0,camera:1.0,116,0.6057063341140747
rung0,camera:1.0,117,0.12592783570289612
rung0,camera:1.0,118,0.27810004353523254
rung0,camera:1.0,119,0.5339488387107849
rung0,camera:1.0,120,0.7279142141342163
rung0,camera:1.0,121,0.32760119438171387
rung0,camera:1.0,122,0.21059304475784302
rung0,camera:1.0,123,0.518768846988678
rung0,camera:1.0,124,0.8715240359306335
rung0,camera:1.0,125,0.772686779499054
rung0,camera:1.0,126,0.19970928132534027
rung0,camera:1.0,127,0.2173301875591278
rung0,camera:1.0,128,1.1288996934890747
rung0,camera:1.0,129,0.5164831876754761
rung0,camera:1.0,130,0.2328009009361267
rung0,camera:1.0,131,0.4483455419540405
rung0,camera:1.0,132,1.250837802886963
rung0,camera:1.0,133,0.5052165985107422
rung0,camera:1.0,134,0.37181052565574646
rung0,camera:1.0,135,0.1498243361711502
rung0,camera:1.0,136,0.6091886758804321
rung0,camera:1.0,137,0.34502726793289185
rung0,camera:1.0,138,0.31033262610435486
rung0,camera:1.0,139,0.2540097236633301
rung0,camera:1.0,140,0.7290929555892944
rung0,camera:1.0,141,0.6847652196884155
rung0,camera:1.0,142,0.18503722548484802
rung0,camera:1.0,143,0.1587967425584793
rung0,camera:1.0,144,0.327536404132843
rung0,camera:1.0,145,0.551543653011322
rung0,camera:1.0,146,0.21800076961517334
rung0,camera:1.0,147,0.29229503870010376
rung0,camera:1.0,148,0.23353615403175354
rung0,camera:1.0,149,0.8249940872192383
rung0,camera:1.0,150,0.3156753182411194
rung0,camera:1.0,151,0.4279327392578125
rung0,camera:1.0,152,0.3013949394226074
rung0,camera:1.0,153,0.850046694278717
rung0,camera:1.0,154,0.2441684454679489
rung0,camera:1.0,155,1.409668207168579
rung0,camera:1.0,156,1.126589059829712
rung0,camera:1.0,157,1.0980737209320068
rung0,camera:1.0,158,0.7370959520339966
rung0,camera:1.0,159,0.812263011932373
rung0,camera:1.0,160,1.4347540140151978
rung0,camera:1.0,161,1.46829354763031
rung0,camera:1.0,162,1.1700458526611328
rung0,camera:1.0,163,1.313821792602539
rung0,camera:1.0,164,1.264658808708191
rung0,camera:1.0,165,1.079101324081421
rung0,camera:1.0,166,0.7332903146743774
rung0,camera:1.0,167,0.683020830154419
rung0,camera:1.0,168,0.30967819690704346
rung0,camera:1.0,169,0.49783504009246826
rung0,camera:1.0,170,0.8104472160339355
rung0,camera:1.0,171,0.8319070935249329
rung0,camera:1.0,172,0.4809977114200592
rung0,camera:1.0,173,0.5806364417076111
rung0,camera:1.0,174,0.4078899025917053
rung0,camera:1.0,175,0.9879030585289001
rung0,camera:1.0,176,0.5361825227737427
rung0,camera:1.0,177,0.2908543050289154
rung0,camera:1.0,178,0.675580620765686
rung0,camera:1.0,179,0.775092363357544
rung0,camera:1.0,180,0.40520691871643066
rung0,camera:1.0,181,0.39524170756340027
rung0,camera:1.0,182,0.5056617259979248
rung0,camera:1.0,183,0.5999773144721985
rung0,camera:1.0,184,0.25040799379348755
rung0,camera:1.0,185,0.3591872453689575
rung0,camera:1.0,186,0.24325895309448242
rung0,camera:1.0,187,0.15862374007701874
rung0,camera:1.0,188,0.6496577858924866
rung0,camera:1.0,189,0.7631571888923645
rung0,camera:1.0,190,0.48248207569122314
rung0,camera:1.0,191,0.4992693364620209
rung0,camera:1.0,192,0.5901874303817749
rung0,camera:1.0,193,0.6758946180343628
rung0,camera:1.0,194,0.9036704897880554
rung0,camera:1.0,195,0.49780064821243286
rung0,camera:1.0,196,0.42944422364234924
rung0,camera:1.0,197,0.6091426610946655
rung0,camera:1.0,198,0.31209295988082886
rung0,camera:1.0,199,0.6374087333679199
rung0,camera:1.0,200,0.45814114809036255
rung0,camera:1.0,201,1.827149748802185
rung0,camera:1.0,202,0.3505792021751404
rung0,camera:1.0,203,0.5890833139419556
rung0,camera:1.0,204,0.5389496088027954
rung0,camera:1.0,205,0.5557737350463867
rung0,camera:1.0,206,0.772994875907898
rung0,camera:1.0,207,0.8923871517181396
rung0,camera:1.0,208,0.7935675382614136
rung0,camera:1.0,209,1.0468223094940186
rung0,camera:1.0,210,1.9180172681808472
rung0,camera:1.0,211,2.0505177974700928
rung0,camera:1.0,212,3.166811227798462
rung0,camera:1.0,213,2.662745475769043
rung0,camera:1.0,214,3.513577938079834
rung0,camera:1.0,215,5.372345924377441
rung0,camera:1.0,216,1.3867213726043701
rung0,camera:1.0,217,0.7153127193450928
rung0,camera:1.0,218,0.5120632648468018
rung0,camera:1.0,219,1.070095181465149
rung0,camera:1.0,220,1.0586192607879639
rung0,camera:1.0,221,1.1478478908538818
rung0,camera:1.0,222,1.2104873657226562
rung0,camera:1.0,223,1.2602535486221313
rung0,camera:1.0,224,0.3436688184738159
rung0,camera:1.0,225,0.5084019899368286
rung0,camera:1.0,226,0.6922366619110107
rung0,camera:1.0,227,1.1399883031845093
rung0,camera:1.0,228,0.9523500800132751
rung0,camera:1.0,229,0.6052277088165283
rung0,camera:1.0,230,0.9173603057861328
rung0,camera:1.0,231,1.1276893615722656
rung0,camera:1.0,232,1.6438875198364258
rung0,camera:1.0,233,1.269993782043457
rung0,camera:1.0,234,1.0985920429229736
rung0,camera:1.0,235,1.3057934045791626
rung0,camera:1.0,236,1.5397942066192627
rung0,camera:1.0,237,0.9222889542579651
rung0,camera:1.0,238,0.6647076606750488
rung0,camera:1.0,239,0.3784460425376892
rung0,camera:1.0,240,1.030109167098999
rung0,camera:1.0,241,0.4386870861053467
rung0,camera:1.0,242,0.16241972148418427
rung0,camera:1.0,243,0.6495249271392822
rung0,camera:1.0,244,1.2519088983535767
rung0,camera:1.0,245,0.383497416973114
rung0,camera:1.0,246,0.5933254957199097
rung0,camera:1.0,247,0.8810727596282959
rung0,camera:1.0,248,0.7294171452522278
rung0,camera:1.0,249,0.6964927315711975
rung0,camera:1.0,250,1.151719331741333
rung0,camera:1.0,251,0.803423285484314
rung0,camera:1.0,252,0.6922867894172668
rung0,camera:1.0,253,0.1351502239704132
rung0,camera:1.0,254,1.4121618270874023
rung0,camera:1.0,255,1.1794111728668213
rung0,camera:1.0,256,1.134584903717041
rung0,camera:1.0,257,0.6894444823265076
rung0,camera:1.0,258,0.5781104564666748
rung0,camera:1.0,259,0.7670056819915771
rung0,camera:1.0,260,0.6648483872413635
rung0,camera:1.0,261,0.6468080878257751
rung0,camera:1.0,262,1.105331301689148
rung0,camera:1.0,263,1.3629560470581055
rung0,camera:1.0,264,0.8775579333305359
rung0,camera:1.0,265,0.9434839487075806
rung0,camera:1.0,266,0.5687946081161499
rung0,camera:1.0,267,0.6149975061416626
rung0,camera:1.0,268,0.8836207985877991
rung0,camera:1.0,269,1.4180563688278198
rung0,camera:1.0,270,1.1981736421585083
rung0,camera:1.0,271,1.286109447479248
rung0,camera:1.0,272,1.653263807296753
rung0,camera:1.0,273,0.7345274090766907
rung0,camera:1.0,274,0.3210596442222595
rung0,camera:1.0,275,0.6811251640319824
rung0,camera:1.0,276,1.3319041728973389
rung0,camera:1.0,277,0.7618343830108643
rung0,camera:1.0,278,0.20134660601615906
rung0,camera:1.0,279,0.8768658638000488
rung0,camera:1.0,280,0.8951110243797302
rung0,camera:1.0,281,0.6556308269500732
rung0,camera:1.0,282,0.2451402097940445
rung0,camera:1.0,283,0.8001322746276855
rung0,camera:1.0,284,0.6116109490394592
rung0,camera:1.0,285,0.37156200408935547
rung0,camera:1.0,286,0.26523905992507935
rung0,camera:1.0,287,0.22298462688922882
rung0,camera:1.0,288,0.9834589958190918
rung0,camera:1.0,289,1.4271326065063477
rung0,camera:1.0,290,0.4865879416465759
rung0,camera:1.0,291,0.4166625440120697
rung0,camera:1.0,292,0.7478153109550476
rung0,camera:1.0,293,1.6835204362869263
rung0,camera:1.0,294,1.063190221786499
rung0,camera:1.0,295,0.1336989402770996
rung0,camera:1.0,296,0.8772938251495361
rung0,camera:1.0,297,1.2252577543258667
rung0,camera:1.0,298,0.6094580888748169
rung0,camera:1.0,299,0.21728861331939697
rung0,camera:1.0,300,0.5515126585960388
rung0,camera:1.0,301,0.8218590021133423
rung0,camera:1.0,302,0.43499287962913513
rung0,camera:1.0,303,0.3852679133415222
rung0,camera:1.0,304,0.25379839539527893
rung0,camera:1.0,305,0.36173510551452637
rung0,camera:1.0,306,0.45248639583587646
rung0,camera:1.0,307,0.822901725769043
rung0,camera:1.0,308,1.2012087106704712
rung0,camera:1.0,309,1.6343894004821777
rung0,camera:1.0,310,1.0391348600387573
rung0,camera:1.0,311,1.0990780591964722
rung0,camera:1.0,312,1.6268036365509033
rung0,camera:1.0,313,0.6340849995613098
rung0,camera:1.0,314,1.545766830444336
rung0,camera:1.0,315,1.7935327291488647
rung0,camera:1.0,316,1.9475990533828735
rung0,camera:1.0,317,0.7068498730659485
rung0,camera:1.0,318,0.8079041242599487
rung0,camera:1.0,319,1.5834029912948608
rung0,camera:1.0,320,2.217707633972168
rung0,camera:1.0,321,3.4796035289764404
rung0,camera:1.0,322,3.367738723754883
rung0,camera:1.0,323,0.0662946105003357
rung0,camera:1.0,324,0.07907529175281525
rung0,camera:1.0,325,0.08760528266429901
rung0,camera:1.0,326,0.1035061627626419
rung0,camera:1.0,327,0.46767115592956543
rung0,camera:1.0,328,0.12038005888462067
rung0,camera:1.0,329,0.2838031053543091
rung0,camera:1.0,330,1.308176875114441
rung0,camera:1.0,331,1.0036389827728271
rung0,camera:1.0,332,0.10509403049945831
rung0,camera:1.0,333,0.09205766022205353
rung0,camera:1.0,334,0.06673453748226166
rung0,camera:1.0,335,0.10520332306623459
rung0,camera:1.0,336,0.20744600892066956
rung0,camera:1.0,337,0.28628450632095337
rung0,camera:1.0,338,0.3148460388183594
rung0,camera:1.0,339,0.3538837134838104
rung0,camera:1.0,340,0.38833874464035034
rung0,camera:1.0,341,0.4743347764015198
rung0,camera:1.0,342,2.6532692909240723
rung0,camera:1.0,343,4.286160469055176
rung0,camera:1.0,344,0.29670313000679016
rung0,camera:1.0,345,0.601645827293396
rung0,camera:1.0,346,1.1249512434005737
rung0,camera:1.0,347,1.7580450773239136
rung0,camera:1.0,348,2.686526298522949
rung0,camera:1.0,349,2.9832839965820312
rung0,camera:1.0,350,1.4628628492355347
rung0,camera:1.0,351,1.2245162725448608
rung0,camera:1.0,352,0.7996520400047302
rung0,camera:1.0,353,0.7029334306716919
rung0,camera:1.0,354,0.821061909198761
rung0,camera:1.0,355,0.997002124786377
rung0,camera:1.0,356,0.5227914452552795
rung0,camera:1.0,357,0.11383731663227081
rung0,camera:1.0,358,0.6439825296401978
rung0,camera:1.0,359,0.5686684250831604
rung0,camera:1.0,360,1.4483587741851807
rung0,camera:1.0,361,0.9547969102859497
rung0,camera:1.0,362,0.7033584713935852
rung0,camera:1.0,363,1.0699354410171509
rung0,camera:1.0,364,0.6458910703659058
rung0,camera:1.0,365,0.6143905520439148
rung0,camera:1.0,366,1.8716813325881958
rung0,camera:1.0,367,2.02548885345459
rung0,camera:1.0,368,1.2203798294067383
rung0,camera:1.0,369,1.33750581741333
rung0,camera:1.0,370,1.6757912635803223
rung0,camera:1.0,371,1.2811224460601807
rung0,camera:1.0,372,1.1405606269836426
rung0,camera:1.0,373,0.700801432132721
rung0,camera:1.0,374,0.8482722043991089
rung0,camera:1.0,375,1.1409598588943481
rung0,camera:1.0,376,1.8631904125213623
rung0,camera:1.0,377,2.617666006088257
rung0,camera:1.0,378,3.7069804668426514
rung0,camera:1.0,379,3.9006271362304688
rung0,camera:1.0,380,3.046515464782715
rung0,camera:1.0,381,4.272151470184326
rung0,camera:1.0,382,3.1764800548553467
rung0,camera:1.0,383,1.656762719154358
rung0,camera:1.0,384,0.9957829713821411
rung0,camera:1.0,385,1.1227030754089355
rung0,camera:1.0,386,0.9753608703613281
rung0,camera:1.0,387,1.6454479694366455
rung0,camera:1.0,388,0.921676516532898
rung0,camera:1.0,389,0.49816256761550903
rung0,camera:1.0,390,0.5437065362930298
rung0,camera:1.0,391,1.3276692628860474
rung0,camera:1.0,392,1.3055683374404907
rung0,camera:1.0,393,1.0598034858703613
rung0,camera:1.0,394,0.6375013589859009
rung0,camera:1.0,395,0.5575802326202393
rung0,camera:1.0,396,0.4292104244232178
rung0,camera:1.0,397,0.9386504888534546
rung0,camera:1.0,398,1.0092651844024658
rung0,camera:1.0,399,0.31617480516433716
rung0,camera:1.0,400,0.17790496349334717
rung0,camera:1.0,401,0.2095372974872589
rung0,camera:1.0,402,0.28914675116539
rung0,camera:1.0,403,0.1980968564748764
rung0,camera:1.0,404,0.4600326418876648
rung0,camera:1.0,405,0.20891045033931732
rung0,camera:1.0,406,0.5106480121612549
rung0,camera:1.0,407,0.2390465885400772
rung0,camera:1.0,408,0.19007784128189087
rung0,camera:1.0,409,0.5743544101715088
rung0,camera:1.0,410,0.7548868656158447
rung0,camera:1.0,411,0.46047335863113403
rung0,camera:1.0,412,0.21209798753261566
rung0,camera:1.0,413,0.1718967705965042
rung0,camera:1.0,414,0.7385583519935608
rung0,camera:1.0,415,0.46176692843437195
rung0,camera:1.0,416,0.27836745977401733
rung0,camera:1.0,417,0.18222400546073914
rung0,camera:1.0,418,0.303321897983551
rung0,camera:1.0,419,0.33788782358169556
rung0,camera:1.0,420,0.21954220533370972
rung0,camera:1.0,421,0.21757975220680237
rung0,camera:1.0,422,0.43027329444885254
rung0,camera:1.0,423,0.7080090641975403
rung0,camera:1.0,424,0.2763732373714447
rung0,camera:1.0,425,0.192952960729599
rung0,camera:1.0,426,0.22263115644454956
rung0,camera:1.0,427,0.6969908475875854
rung0,camera:1.0,428,0.2575075626373291
rung0,camera:1.0,429,0.5343984365463257
rung0,camera:1.0,430,0.4318884611129761
rung0,camera:1.0,431,0.3366755247116089
rung0,camera:1.0,432,0.20171207189559937
rung0,camera:1.0,433,0.36271244287490845
rung0,camera:1.0,434,0.3703501224517822
rung0,camera:1.0,435,0.3881719410419464
rung0,camera:1.0,436,0.47554197907447815
rung0,camera:1.0,437,0.24244986474514008
rung0,camera:1.0,438,0.29033327102661133
rung0,camera:1.0,439,0.2091342955827713
rung0,camera:1.0,440,0.46104228496551514
rung0,camera:1.0,441,0.26612263917922974
rung0,camera:1.0,442,0.31868502497673035
rung0,camera:1.0,443,0.2607095241546631
rung0,camera:1.0,444,0.6587969064712524
rung0,camera:1.0,445,0.2451167106628418
rung0,camera:1.0,446,0.2486240267753601
rung0,camera:1.0,447,0.21467876434326172
rung0,camera:1.0,448,0.8307279348373413
rung0,camera:1.0,449,0.15409427881240845
rung0,camera:1.0,450,0.303497850894928
rung0,camera:1.0,451,0.5822585821151733
rung0,camera:1.0,452,0.5504724383354187
rung0,camera:1.0,453,0.4679082930088043
rung0,camera:1.0,454,0.6494464874267578
rung0,camera:1.0,455,0.5674647688865662
rung0,camera:1.0,456,0.6741912364959717
rung0,camera:1.0,457,0.7234885692596436
rung0,camera:1.0,458,1.2101272344589233
rung0,camera:1.0,459,1.8327882289886475
rung0,camera:1.0,460,2.047196865081787
rung0,camera:1.0,461,1.489986538887024
rung0,camera:1.0,462,1.2297948598861694
rung0,camera:1.0,463,0.54706871509552
rung0,camera:1.0,464,0.4673701822757721
rung0,camera:1.0,465,0.8229050040245056
rung0,camera:1.0,466,0.9225812554359436
rung0,camera:1.0,467,1.434065341949463
rung0,camera:1.0,468,1.7470036745071411
rung0,camera:1.0,469,0.8547654151916504
rung0,camera:1.0,470,0.7877624034881592
rung0,camera:1.0,471,0.6978027820587158
rung0,camera:1.0,472,1.3583405017852783
rung0,camera:1.0,473,0.3878130316734314
rung0,camera:1.0,474,0.3626285791397095
rung0,camera:1.0,475,0.32568660378456116
rung0,camera:1.0,476,0.25160130858421326
rung0,camera:1.0,477,0.2641485035419464
rung0,camera:1.0,478,0.22510451078414917
rung0,camera:1.0,479,0.3184982240200043
rung0,lidar:0.5,0,1.1682252883911133
rung0,lidar:0.5,1,1.2467317581176758
rung0,lidar:0.5,2,1.6818757057189941
rung0,lidar:0.5,3,0.9192628860473633
rung0,lidar:0.5,4,0.7485005855560303
rung0,lidar:0.5,5,1.074162483215332
rung0,lidar:0.5,6,1.0280038118362427
rung0,lidar:0.5,7,0.45586341619491577
rung0,lidar:0.5,8,0.9037448167800903
rung0,lidar:0.5,9,1.648862361907959
rung0,lidar:0.5,10,1.6386281251907349
rung0,lidar:0.5,11,0.2521202564239502
rung0,lidar:0.5,12,0.15590950846672058
rung0,lidar:0.5,13,0.3223598003387451
rung0,lidar:0.5,14,0.17868229746818542
rung0,lidar:0.5,15,0.19564497470855713
rung0,lidar:0.5,16,0.31807538866996765
rung0,lidar:0.5,17,0.39514437317848206
rung0,lidar:0.5,18,0.21321246027946472
rung0,lidar:0.5,19,0.2218894511461258
rung0,lidar:0.5,20,0.6425818800926208
rung0,lidar:0.5,21,0.30918747186660767
rung0,lidar:0.5,22,0.2250874638557434
rung0,lidar:0.5,23,0.23686233162879944
rung0,lidar:0.5,24,0.6096825003623962
rung0,lidar:0.5,25,0.4017215371131897
rung0,lidar:0.5,26,0.2608635723590851
rung0,lidar:0.5,27,0.24693170189857483
rung0,lidar:0.5,28,0.5930646657943726
rung0,lidar:0.5,29,0.29228103160858154
rung0,lidar:0.5,30,0.21610364317893982
rung0,lidar:0.5,31,0.20727434754371643
rung0,lidar:0.5,32,0.20491676032543182
rung0,lidar:0.5,33,0.4427344799041748
rung0,lidar:0.5,34,0.14368274807929993
rung0,lidar:0.5,35,0.12761631608009338
rung0,lidar:0.5,36,0.37564772367477417
rung0,lidar:0.5,37,0.4186890125274658
rung0,lidar:0.5,38,0.16313663125038147
rung0,lidar:0.5,39,0.21907207369804382
rung0,lidar:0.5,40,0.18033774197101593
rung0,lidar:0.5,41,0.5991636514663696
rung0,lidar:0.5,42,0.2685090899467468
rung0,lidar:0.5,43,0.22362521290779114
rung0,lidar:0.5,44,0.25945740938186646
rung0,lidar:0.5,45,0.7725337743759155
rung0,lidar:0.5,46,0.248529314994812
rung0,lidar:0.5,47,0.24678844213485718
rung0,lidar:0.5,48,0.2897495627403259
rung0,lidar:0.5,49,0.44479480385780334
rung0,lidar:0.5,50,0.5763738751411438
rung0,lidar:0.5,51,0.8236236572265625
rung0,lidar:0.5,52,0.5657501220703125
rung0,lidar:0.5,53,0.21208834648132324
rung0,lidar:0.5,54,0.8093307018280029
rung0,lidar:0.5,55,0.7013554573059082
rung0,lidar:0.5,56,1.1137620210647583
rung0,lidar:0.5,57,1.9521018266677856
rung0,lidar:0.5,58,3.1633992195129395
rung0,lidar:0.5,59,2.1979808807373047
rung0,lidar:0.5,60,2.7751872539520264
rung0,lidar:0.5,61,2.6414241790771484
rung0,lidar:0.5,62,0.9006948471069336
rung0,lidar:0.5,63,0.4679747521877289
rung0,lidar:0.5,64,0.7539376616477966
rung0,lidar:0.5,65,1.0968313217163086
rung0,lidar:0.5,66,2.233320713043213
rung0,lidar:0.5,67,2.570675849914551
rung0,lidar:0.5,68,2.597818613052368
rung0,lidar:0.5,69,3.2051453590393066
rung0,lidar:0.5,70,3.1390223503112793
rung0,lidar:0.5,71,1.6948554515838623
rung0,lidar:0.5,72,0.8947510719299316
rung0,lidar:0.5,73,0.6067768931388855
rung0,lidar:0.5,74,0.8835132122039795
rung0,lidar:0.5,75,0.6811003684997559
rung0,lidar:0.5,76,0.31533753871917725
rung0,lidar:0.5,77,0.34851133823394775
rung0,lidar:0.5,78,0.27328193187713623
rung0,lidar:0.5,79,0.14270612597465515
rung0,lidar:0.5,80,0.4123333692550659
rung0,lidar:0.5,81,0.40746575593948364
rung0,lidar:0.5,82,0.6097138524055481
rung0,lidar:0.5,83,0.7985050678253174
rung0,lidar:0.5,84,1.3919408321380615
rung0,lidar:0.5,85,1.4277807474136353
rung0,lidar:0.5,86,1.309950828552246
rung0,lidar:0.5,87,1.2008988857269287
rung0,lidar:0.5,88,1.0346722602844238
rung0,lidar:0.5,89,0.9615683555603027
rung0,lidar:0.5,90,0.6636195778846741
rung0,lidar:0.5,91,0.2926252782344818
rung0,lidar:0.5,92,0.2073574662208557
rung0,lidar:0.5,93,0.14207039773464203
rung0,lidar:0.5,94,0.23351415991783142
rung0,lidar:0.5,95,0.29100847244262695
rung0,lidar:0.5,96,0.18431836366653442
rung0,lidar:0.5,97,0.16836538910865784
rung0,lidar:0.5,98,0.18780609965324402
rung0,lidar:0.5,99,0.27129480242729187
rung0,lidar:0.5,100,0.20831051468849182
rung0,lidar:0.5,101,0.23506692051887512
rung0,lidar:0.5,102,0.27878427505493164
rung0,lidar:0.5,103,0.3620140552520752
rung0,lidar:0.5,104,0.2241077572107315
rung0,lidar:0.5,105,0.4083840847015381
rung0,lidar:0.5,106,0.30608898401260376
rung0,lidar:0.5,107,0.2414618283510208
rung0,lidar:0.5,108,0.22075200080871582
rung0,lidar:0.5,109,0.38845691084861755
rung0,lidar:0.5,110,0.3827390670776367
rung0,lidar:0.5,111,0.20400063693523407
rung0,lidar:0.5,112,0.3070511817932129
rung0,lidar:0.5,113,0.3551167845726013
rung0,lidar:0.5,114,0.2248384654521942
rung0,lidar:0.5,115,0.37416279315948486
rung0,lidar:0.5,116,0.41557466983795166
rung0,lidar:0.5,117,0.1728179156780243
rung0,lidar:0.5,118,0.3422895073890686
rung0,lidar:0.5,119,0.3506959080696106
rung0,lidar:0.5,120,0.4398723244667053
rung0,lidar:0.5,121,0.3458089530467987
rung0,lidar:0.5,122,0.19865819811820984
rung0,lidar:0.5,123,0.2420642077922821
rung0,lidar:0.5,124,0.4165014624595642
rung0,lidar:0.5,125,0.2760179042816162
rung0,lidar:0.5,126,0.22669149935245514
rung0,lidar:0.5,127,0.2615585923194885
rung0,lidar:0.5,128,0.5483648777008057
rung0,lidar:0.5,129,0.35456582903862
rung0,lidar:0.5,130,0.34355834126472473
rung0,lidar:0.5,131,0.22462132573127747
rung0,lidar:0.5,132,0.7311618328094482
rung0,lidar:0.5,133,0.3590877056121826
rung0,lidar:0.5,134,0.43423330783843994
rung0,lidar:0.5,135,0.2480224370956421
rung0,lidar:0.5,136,0.3467258810997009
rung0,lidar:0.5,137,0.3563140034675598
rung0,lidar:0.5,138,0.32389962673187256
rung0,lidar:0.5,139,0.27704381942749023
rung0,lidar:0.5,140,0.4631309509277344
rung0,lidar:0.5,141,0.45423609018325806
rung0,lidar:0.5,142,0.3064551055431366
rung0,lidar:0.5,143,0.25615042448043823
rung0,lidar:0.5,144,0.2347821295261383
rung0,lidar:0.5,145,0.4319302439689636
rung0,lidar:0.5,146,0.1843394637107849
rung0,lidar:0.5,147,0.33263471722602844
rung0,lidar:0.5,148,0.26638802886009216
rung0,lidar:0.5,149,0.5169798135757446
rung0,lidar:0.5,150,0.1897316873073578
rung0,lidar:0.5,151,0.5490539073944092
rung0,lidar:0.5,152,0.3757307529449463
rung0,lidar:0.5,153,0.43599486351013184
rung0,lidar:0.5,154,0.14938902854919434
rung0,lidar:0.5,155,1.3595385551452637
rung0,lidar:0.5,156,1.139949083328247
rung0,lidar:0.5,157,1.0718369483947754
rung0,lidar:0.5,158,0.7373936772346497
rung0,lidar:0.5,159,0.6210238337516785
rung0,lidar:0.5,160,0.7620213031768799
rung0,lidar:0.5,161,1.0808539390563965
rung0,lidar:0.5,162,0.13099029660224915
rung0,lidar:0.5,163,0.6369825601577759
rung0,lidar:0.5,164,3.161442518234253
rung0,lidar:0.5,165,0.2441873848438263
rung0,lidar:0.5,166,0.22396166622638702
rung0,lidar:0.5,167,0.3222201466560364
rung0,lidar:0.5,168,0.3044413924217224
rung0,lidar:0.5,169,0.24593153595924377
rung0,lidar:0.5,170,0.5174352526664734
rung0,lidar:0.5,171,0.6099269390106201
rung0,lidar:0.5,172,0.3347706198692322
rung0,lidar:0.5,173,0.7664259076118469
rung0,lidar:0.5,174,0.2098025530576706
rung0,lidar:0.5,175,0.7441920638084412
rung0,lidar:0.5,176,0.1767149716615677
rung0,lidar:0.5,177,0.15546950697898865
rung0,lidar:0.5,178,0.3274114429950714
rung0,lidar:0.5,179,0.43063151836395264
rung0,lidar:0.5,180,0.26205191016197205
rung0,lidar:0.5,181,0.3184534013271332
rung0,lidar:0.5,182,0.19584718346595764
rung0,lidar:0.5,183,0.2527070641517639
rung0,lidar:0.5,184,0.18539845943450928
rung0,lidar:0.5,185,0.14730070531368256
rung0,lidar:0.5,186,0.15326513350009918
rung0,lidar:0.5,187,0.17690064013004303
rung0,lidar:0.5,188,0.23159676790237427
rung0,lidar:0.5,189,0.2230447679758072
rung0,lidar:0.5,190,0.12437430024147034
rung0,lidar:0.5,191,0.13011960685253143
rung0,lidar:0.5,192,0.23001143336296082
rung0,lidar:0.5,193,0.2447652518749237
rung0,lidar:0.5,194,0.3813721239566803
rung0,lidar:0.5,195,0.17807385325431824
rung0,lidar:0.5,196,0.15516918897628784
rung0,lidar:0.5,197,0.1784888207912445
rung0,lidar:0.5,198,0.3084986209869385
rung0,lidar:0.5,199,0.3954479694366455
rung0,lidar:0.5,200,0.5920909643173218
rung0,lidar:0.5,201,1.6167117357254028
rung0,lidar:0.5,202,0.8751420378684998
rung0,lidar:0.5,203,0.5697625875473022
rung0,lidar:0.5,204,0.4020952582359314
rung0,lidar:0.5,205,0.5940476655960083
rung0,lidar:0.5,206,0.7127997875213623
rung0,lidar:0.5,207,1.4054286479949951
rung0,lidar:0.5,208,1.320082426071167
rung0,lidar:0.5,209,1.1504091024398804
rung0,lidar:0.5,210,2.0354909896850586
rung0,lidar:0.5,211,2.478302478790283
rung0,lidar:0.5,212,2.4783287048339844
rung0,lidar:0.5,213,3.8628082275390625
rung0,lidar:0.5,214,4.323845863342285
rung0,lidar:0.5,215,4.205386638641357
rung0,lidar:0.5,216,1.008915662765503
rung0,lidar:0.5,217,1.6828128099441528
rung0,lidar:0.5,218,0.8828399181365967
rung0,lidar:0.5,219,1.0425770282745361
rung0,lidar:0.5,220,0.9761399626731873
rung0,lidar:0.5,221,0.7681101560592651
rung0,lidar:0.5,222,0.8199560642242432
rung0,lidar:0.5,223,0.38047441840171814
rung0,lidar:0.5,224,0.41111958026885986
rung0,lidar:0.5,225,0.6404672861099243
rung0,lidar:0.5,226,0.8655327558517456
rung0,lidar:0.5,227,1.1107182502746582
rung0,lidar:0.5,228,0.7585805058479309
rung0,lidar:0.5,229,0.9019769430160522
rung0,lidar:0.5,230,1.427048921585083
rung0,lidar:0.5,231,1.561711311340332
rung0,lidar:0.5,232,2.0465965270996094
rung0,lidar:0.5,233,1.0590862035751343
rung0,lidar:0.5,234,0.6819681525230408
rung0,lidar:0.5,235,0.9318540692329407
rung0,lidar:0.5,236,0.9697684049606323
rung0,lidar:0.5,237,0.5480968356132507
rung0,lidar:0.5,238,0.33377137780189514
rung0,lidar:0.5,239,0.20677784085273743
rung0,lidar:0.5,240,0.7515743970870972
rung0,lidar:0.5,241,0.19679495692253113
rung0,lidar:0.5,242,0.2725147604942322
rung0,lidar:0.5,243,0.3917779326438904
rung0,lidar:0.5,244,0.7330712676048279
rung0,lidar:0.5,245,0.17661535739898682
rung0,lidar:0.5,246,0.21406805515289307
rung0,lidar:0.5,247,0.12779748439788818
rung0,lidar:0.5,248,0.27825403213500977
rung0,lidar:0.5,249,0.31502917408943176
rung0,lidar:0.5,250,0.6120814085006714
rung0,lidar:0.5,251,0.22293518483638763
rung0,lidar:0.5,252,0.3828141987323761
rung0,lidar:0.5,253,0.2676076292991638
rung0,lidar:0.5,254,1.364638328552246
rung0,lidar:0.5,255,1.1743977069854736
rung0,lidar:0.5,256,1.2580831050872803
rung0,lidar:0.5,257,0.6593616008758545
rung0,lidar:0.5,258,0.412802517414093
rung0,lidar:0.5,259,0.5342528820037842
rung0,lidar:0.5,260,0.7655762434005737
rung0,lidar:0.5,261,0.8572466969490051
rung0,lidar:0.5,262,1.8594493865966797
rung0,lidar:0.5,263,1.390017032623291
rung0,lidar:0.5,264,1.514936923980713
rung0,lidar:0.5,265,0.9776095151901245
rung0,lidar:0.5,266,0.5143578052520752
rung0,lidar:0.5,267,0.6830235719680786
rung0,lidar:0.5,268,0.5862839221954346
rung0,lidar:0.5,269,0.8219451308250427
rung0,lidar:0.5,270,0.8218150734901428
rung0,lidar:0.5,271,0.43525204062461853
rung0,lidar:0.5,272,1.0227911472320557
rung0,lidar:0.5,273,0.3691995143890381
rung0,lidar:0.5,274,0.4947862923145294
rung0,lidar:0.5,275,0.22913524508476257
rung0,lidar:0.5,276,0.6352573037147522
rung0,lidar:0.5,277,0.3775010406970978
rung0,lidar:0.5,278,0.4678509533405304
rung0,lidar:0.5,279,0.46098145842552185
rung0,lidar:0.5,280,0.756476640701294
rung0,lidar:0.5,281,0.3706817328929901
rung0,lidar:0.5,282,0.4759995937347412
rung0,lidar:0.5,283,0.2043885588645935
rung0,lidar:0.5,284,0.31710726022720337
rung0,lidar:0.5,285,0.24079392850399017
rung0,lidar:0.5,286,0.502433180809021
rung0,lidar:0.5,287,0.24013012647628784
rung0,lidar:0.5,288,0.26350629329681396
rung0,lidar:0.5,289,0.5650744438171387
rung0,lidar:0.5,290,0.21483123302459717
rung0,lidar:0.5,291,0.2614615261554718
rung0,lidar:0.5,292,0.21070216596126556
rung0,lidar:0.5,293,1.1588852405548096
rung0,lidar:0.5,294,0.37282100319862366
rung0,lidar:0.5,295,0.1958693265914917
rung0,lidar:0.5,296,0.15911048650741577
rung0,lidar:0.5,297,0.4579196572303772
rung0,lidar:0.5,298,0.1718043088912964
rung0,lidar:0.5,299,0.377514511346817
rung0,lidar:0.5,300,0.2662515640258789
rung0,lidar:0.5,301,0.2761036157608032
rung0,lidar:0.5,302,0.5781807899475098
rung0,lidar:0.5,303,0.9982983469963074
rung0,lidar:0.5,304,0.9521057605743408
rung0,lidar:0.5,305,0.26098960638046265
rung0,lidar:0.5,306,0.38706567883491516
rung0,lidar:0.5,307,0.748314619064331
rung0,lidar:0.5,308,1.9664623737335205
rung0,lidar:0.5,309,1.9620444774627686
rung0,lidar:0.5,310,1.42081880569458
rung0,lidar:0.5,311,3.145780086517334
rung0,lidar:0.5,312,2.7875730991363525
rung0,lidar:0.5,313,0.629414439201355
rung0,lidar:0.5,314,1.614579439163208
rung0,lidar:0.5,315,1.8974928855895996
rung0,lidar:0.5,316,2.1207871437072754
rung0,lidar:0.5,317,0.6664954423904419
rung0,lidar:0.5,318,0.981859564781189
rung0,lidar:0.5,319,1.902830719947815
rung0,lidar:0.5,320,2.937093734741211
rung0,lidar:0.5,321,4.534889221191406
rung0,lidar:0.5,322,3.3137094974517822
rung0,lidar:0.5,323,0.07257653772830963
rung0,lidar:0.5,324,0.09121719747781754
rung0,lidar:0.5,325,0.0960896909236908
rung0,lidar:0.5,326,0.10641863942146301
rung0,lidar:0.5,327,0.6534312963485718
rung0,lidar:0.5,328,0.1573549211025238
rung0,lidar:0.5,329,0.20130839943885803
rung0,lidar:0.5,330,1.7497388124465942
rung0,lidar:0.5,331,1.2781602144241333
rung0,lidar:0.5,332,0.0637185126543045
rung0,lidar:0.5,333,0.12247803062200546
rung0,lidar:0.5,334,0.0657377541065216
rung0,lidar:0.5,335,0.10493122786283493
rung0,lidar:0.5,336,0.2082035392522812
rung0,lidar:0.5,337,0.28386420011520386
rung0,lidar:0.5,338,0.31128770112991333
rung0,lidar:0.5,339,0.3241991102695465
rung0,lidar:0.5,340,0.4573177695274353
rung0,lidar:0.5,341,0.4081267714500427
rung0,lidar:0.5,342,2.3541059494018555
rung0,lidar:0.5,343,4.63680362701416
rung0,lidar:0.5,344,0.3015243113040924
rung0,lidar:0.5,345,0.622271716594696
rung0,lidar:0.5,346,1.1390397548675537
rung0,lidar:0.5,347,1.659543514251709
rung0,lidar:0.5,348,2.66489577293396
rung0,lidar:0.5,349,3.0857720375061035
rung0,lidar:0.5,350,1.2326533794403076
rung0,lidar:0.5,351,0.9132289290428162
rung0,lidar:0.5,352,0.7086769342422485
rung0,lidar:0.5,353,1.0371112823486328
rung0,lidar:0.5,354,1.5374330282211304
rung0,lidar:0.5,355,0.9613234996795654
rung0,lidar:0.5,356,0.2447221279144287
rung0,lidar:0.5,357,0.2986220419406891
rung0,lidar:0.5,358,0.4871135354042053
rung0,lidar:0.5,359,0.21578764915466309
rung0,lidar:0.5,360,0.6594463586807251
rung0,lidar:0.5,361,0.4926423132419586
rung0,lidar:0.5,362,0.6651728749275208
rung0,lidar:0.5,363,0.7195805311203003
rung0,lidar:0.5,364,0.5746928453445435
rung0,lidar:0.5,365,0.6946663856506348
rung0,lidar:0.5,366,1.2139935493469238
rung0,lidar:0.5,367,2.024055004119873
rung0,lidar:0.5,368,1.4162490367889404
rung0,lidar:0.5,369,1.0766315460205078
rung0,lidar:0.5,370,0.7057016491889954
rung0,lidar:0.5,371,0.6416637897491455
rung0,lidar:0.5,372,0.7515084743499756
rung0,lidar:0.5,373,0.6159820556640625
rung0,lidar:0.5,374,0.8704314231872559
rung0,lidar:0.5,375,1.3155511617660522
rung0,lidar:0.5,376,2.0188469886779785
rung0,lidar:0.5,377,2.834852457046509
rung0,lidar:0.5,378,3.876154661178589
rung0,lidar:0.5,379,4.2853264808654785
rung0,lidar:0.5,380,3.1142749786376953
rung0,lidar:0.5,381,4.2843708992004395
rung0,lidar:0.5,382,3.422772169113159
rung0,lidar:0.5,383,1.7881252765655518
rung0,lidar:0.5,384,0.8788835406303406
rung0,lidar:0.5,385,0.8945847749710083
rung0,lidar:0.5,386,0.8082818388938904
rung0,lidar:0.5,387,1.189804196357727
rung0,lidar:0.5,388,0.6632925868034363
rung0,lidar:0.5,389,0.4788122773170471
rung0,lidar:0.5,390,0.2136002779006958
rung0,lidar:0.5,391,1.0853818655014038
rung0,lidar:0.5,392,1.019466757774353
rung0,lidar:0.5,393,0.8412938117980957
rung0,lidar:0.5,394,0.6553510427474976
rung0,lidar:0.5,395,0.4348715543746948
rung0,lidar:0.5,396,1.6618751287460327
rung0,lidar:0.5,397,0.9754324555397034
rung0,lidar:0.5,398,1.3958990573883057
rung0,lidar:0.5,399,0.2768055200576782
rung0,lidar:0.5,400,0.17071036994457245
rung0,lidar:0.5,401,0.31701570749282837
rung0,lidar:0.5,402,0.4071827530860901
rung0,lidar:0.5,403,0.205896258354187
rung0,lidar:0.5,404,0.31490787863731384
rung0,lidar:0.5,405,0.25926122069358826
rung0,lidar:0.5,406,0.1665710061788559
rung0,lidar:0.5,407,0.25853532552719116
rung0,lidar:0.5,408,0.2081964910030365
rung0,lidar:0.5,409,0.43509507179260254
rung0,lidar:0.5,410,0.9300134181976318
rung0,lidar:0.5,411,0.2242925465106964
rung0,lidar:0.5,412,0.16668319702148438
rung0,lidar:0.5,413,0.17148950695991516
rung0,lidar:0.5,414,0.49640363454818726
rung0,lidar:0.5,415,0.6372460722923279
rung0,lidar:0.5,416,0.1821025162935257
rung0,lidar:0.5,417,0.21416491270065308
rung0,lidar:0.5,418,0.22276121377944946
rung0,lidar:0.5,419,0.19440847635269165
rung0,lidar:0.5,420,0.20600055158138275
rung0,lidar:0.5,421,0.26831507682800293
rung0,lidar:0.5,422,0.47703492641448975
rung0,lidar:0.5,423,0.6056796312332153
rung0,lidar:0.5,424,0.26494473218917847
rung0,lidar:0.5,425,0.2002156376838684
rung0,lidar:0.5,426,0.2793354094028473
rung0,lidar:0.5,427,0.9056777358055115
rung0,lidar:0.5,428,0.24882373213768005
rung0,lidar:0.5,429,0.47257426381111145
rung0,lidar:0.5,430,0.5013556480407715
rung0,lidar:0.5,431,0.19009248912334442
rung0,lidar:0.5,432,0.1938246786594391
rung0,lidar:0.5,433,0.544750452041626
rung0,lidar:0.5,434,0.5697553157806396
rung0,lidar:0.5,435,0.42535367608070374
rung0,lidar:0.5,436,0.5393130779266357
rung0,lidar:0.5,437,0.22632509469985962
rung0,lidar:0.5,438,0.309024453163147
rung0,lidar:0.5,439,0.24365460872650146
rung0,lidar:0.5,440,0.6966072916984558
rung0,lidar:0.5,441,0.2927844822406769
rung0,lidar:0.5,442,0.2590310871601105
rung0,lidar:0.5,443,0.361427903175354
rung0,lidar:0.5,444,0.9737260937690735
rung0,lidar:0.5,445,0.2912876009941101
rung0,lidar:0.5,446,0.19304578006267548
rung0,lidar:0.5,447,0.18706533312797546
rung0,lidar:0.5,448,1.1963468790054321
rung0,lidar:0.5,449,0.34112584590911865
rung0,lidar:0.5,450,0.3383570909500122
rung0,lidar:0.5,451,0.27245181798934937
rung0,lidar:0.5,452,0.31713244318962097
rung0,lidar:0.5,453,0.21440744400024414
rung0,lidar:0.5,454,0.5871128439903259
rung0,lidar:0.5,455,0.5527682304382324
rung0,lidar:0.5,456,0.6155866384506226
rung0,lidar:0.5,457,1.0846586227416992
rung0,lidar:0.5,458,1.103538155555725
rung0,lidar:0.5,459,1.5200798511505127
rung0,lidar:0.5,460,1.9300034046173096
rung0,lidar:0.5,461,1.665052056312561
rung0,lidar:0.5,462,1.278571367263794
rung0,lidar:0.5,463,0.46762073040008545
rung0,lidar:0.5,464,0.4526733458042145
rung0,lidar:0.5,465,0.8453884124755859
rung0,lidar:0.5,466,0.8967481851577759
rung0,lidar:0.5,467,1.591742753982544
rung0,lidar:0.5,468,1.7732750177383423
rung0,lidar:0.5,469,0.7868680357933044
rung0,lidar:0.5,470,0.7649116516113281
rung0,lidar:0.5,471,1.2866612672805786
rung0,lidar:0.5,472,3.077014446258545
rung0,lidar:0.5,473,0.2607223391532898
rung0,lidar:0.5,474,0.23309293389320374
rung0,lidar:0.5,475,0.15905091166496277
rung0,lidar:0.5,476,0.15110993385314941
rung0,lidar:0.5,477,0.09482260048389435
rung0,lidar:0.5,478,0.15352244675159454
rung0,lidar:0.5,479,0.2492101490497589
rung0,lidar:1.0,0,1.239915370941162
rung0,lidar:1.0,1,1.5509355068206787
rung0,lidar:1.0,2,1.8030667304992676
rung0,lidar:1.0,3,0.6858256459236145
rung0,lidar:1.0,4,0.46586304903030396
rung0,lidar:1.0,5,0.6840667724609375
rung0,lidar:1.0,6,0.5519140958786011
rung0,lidar:1.0,7,0.29165738821029663
rung0,lidar:1.0,8,0.5800600051879883
rung0,lidar:1.0,9,0.9548251032829285
rung0,lidar:1.0,10,0.9285599589347839
rung0,lidar:1.0,11,0.5044997334480286
rung0,lidar:1.0,12,0.16338667273521423
rung0,lidar:1.0,13,0.2237798273563385
rung0,lidar:1.0,14,0.15411460399627686
rung0,lidar:1.0,15,0.17775239050388336
rung0,lidar:1.0,16,0.10882915556430817
rung0,lidar:1.0,17,0.17842411994934082
rung0,lidar:1.0,18,0.6439167261123657
rung0,lidar:1.0,19,0.1276586502790451
rung0,lidar:1.0,20,0.8862084746360779
rung0,lidar:1.0,21,0.13934549689292908
rung0,lidar:1.0,22,0.8658783435821533
rung0,lidar:1.0,23,0.2837024927139282
rung0,lidar:1.0,24,0.4351520240306854
rung0,lidar:1.0,25,0.28257954120635986
rung0,lidar:1.0,26,0.6429763436317444
rung0,lidar:1.0,27,0.2858318090438843
rung0,lidar:1.0,28,0.6946397423744202
rung0,lidar:1.0,29,0.6170965433120728
rung0,lidar:1.0,30,0.8758776187896729
rung0,lidar:1.0,31,0.3292055130004883
rung0,lidar:1.0,32,0.6622007489204407
rung0,lidar:1.0,33,0.7878149747848511
rung0,lidar:1.0,34,0.3918420076370239
rung0,lidar:1.0,35,0.3147869110107422
rung0,lidar:1.0,36,0.6435970664024353
rung0,lidar:1.0,37,0.7512736320495605
rung0,lidar:1.0,38,0.6511038541793823
rung0,lidar:1.0,39,0.43790900707244873
rung0,lidar:1.0,40,0.18904682993888855
rung0,lidar:1.0,41,0.9253025650978088
rung0,lidar:1.0,42,0.41853752732276917
rung0,lidar:1.0,43,0.4178023934364319
rung0,lidar:1.0,44,0.39252111315727234
rung0,lidar:1.0,45,0.8430477380752563
rung0,lidar:1.0,46,0.46949535608291626
rung0,lidar:1.0,47,0.2959824204444885
rung0,lidar:1.0,48,0.7037441730499268
rung0,lidar:1.0,49,0.8442707061767578
rung0,lidar:1.0,50,0.6891894340515137
rung0,lidar:1.0,51,1.1339519023895264
rung0,lidar:1.0,52,1.3231467008590698
rung0,lidar:1.0,53,1.2334072589874268
rung0,lidar:1.0,54,0.95870441198349
rung0,lidar:1.0,55,1.1477396488189697
rung0,lidar:1.0,56,1.254549264907837
rung0,lidar:1.0,57,1.9984887838363647
rung0,lidar:1.0,58,3.74601411819458
rung0,lidar:1.0,59,4.251829624176025
rung0,lidar:1.0,60,5.189709663391113
rung0,lidar:1.0,61,5.173188209533691
rung0,lidar:1.0,62,0.9685794115066528
rung0,lidar:1.0,63,0.4576314687728882
rung0,lidar:1.0,64,0.7591730356216431
rung0,lidar:1.0,65,1.122711181640625
rung0,lidar:1.0,66,3.0352139472961426
rung0,lidar:1.0,67,4.054055213928223
rung0,lidar:1.0,68,3.6806321144104004
rung0,lidar:1.0,69,2.4494335651397705
rung0,lidar:1.0,70,1.728790283203125
rung0,lidar:1.0,71,1.9706376791000366
rung0,lidar:1.0,72,2.859461784362793
rung0,lidar:1.0,73,2.774641990661621
rung0,lidar:1.0,74,2.633976936340332
rung0,lidar:1.0,75,2.6729798316955566
rung0,lidar:1.0,76,1.7586332559585571
rung0,lidar:1.0,77,1.7218787670135498
rung0,lidar:1.0,78,0.26903975009918213
rung0,lidar:1.0,79,1.1879398822784424
rung0,lidar:1.0,80,1.4959330558776855
rung0,lidar:1.0,81,0.6976150274276733
rung0,lidar:1.0,82,0.5838399529457092
rung0,lidar:1.0,83,0.9356545209884644
rung0,lidar:1.0,84,1.272495150566101
rung0,lidar:1.0,85,1.1218836307525635
rung0,lidar:1.0,86,1.062415361404419
rung0,lidar:1.0,87,3.462059497833252
rung0,lidar:1.0,88,2.7740511894226074
rung0,lidar:1.0,89,1.7573127746582031
rung0,lidar:1.0,90,1.5438742637634277
rung0,lidar:1.0,91,1.2774542570114136
rung0,lidar:1.0,92,1.1358609199523926
rung0,lidar:1.0,93,0.3591981530189514
rung0,lidar:1.0,94,0.27533072233200073
rung0,lidar:1.0,95,0.45409855246543884
rung0,lidar:1.0,96,0.3297233283519745
rung0,lidar:1.0,97,0.35141170024871826
rung0,lidar:1.0,98,0.48541387915611267
rung0,lidar:1.0,99,0.5273538827896118
rung0,lidar:1.0,100,0.504808783531189
rung0,lidar:1.0,101,0.6437793970108032
rung0,lidar:1.0,102,1.201972484588623
rung0,lidar:1.0,103,0.1948462724685669
rung0,lidar:1.0,104,0.9893156886100769
rung0,lidar:1.0,105,1.5009299516677856
rung0,lidar:1.0,106,0.5438076257705688
rung0,lidar:1.0,107,0.6788870096206665
rung0,lidar:1.0,108,0.17798055708408356
rung0,lidar:1.0,109,0.6921456456184387
rung0,lidar:1.0,110,1.01448392868042
rung0,lidar:1.0,111,0.45046085119247437
rung0,lidar:1.0,112,0.5956484079360962
rung0,lidar:1.0,113,0.6090253591537476
rung0,lidar:1.0,114,0.36456531286239624
rung0,lidar:1.0,115,0.8372274041175842
rung0,lidar:1.0,116,0.5729026794433594
rung0,lidar:1.0,117,0.29230237007141113
rung0,lidar:1.0,118,0.3751167953014374
rung0,lidar:1.0,119,0.9244744777679443
rung0,lidar:1.0,120,0.9704170823097229
rung0,lidar:1.0,121,0.19816575944423676
rung0,lidar:1.0,122,1.0280377864837646
rung0,lidar:1.0,123,0.6247620582580566
rung0,lidar:1.0,124,0.7805571556091309
rung0,lidar:1.0,125,0.5379008650779724
rung0,lidar:1.0,126,0.5860342979431152
rung0,lidar:1.0,127,0.2572583854198456
rung0,lidar:1.0,128,0.8353825807571411
rung0,lidar:1.0,129,0.2694467604160309
rung0,lidar:1.0,130,0.5603482723236084
rung0,lidar:1.0,131,0.3742824196815491
rung0,lidar:1.0,132,1.2282090187072754
rung0,lidar:1.0,133,0.33589956164360046
rung0,lidar:1.0,134,0.42178577184677124
rung0,lidar:1.0,135,0.4405232071876526
rung0,lidar:1.0,136,1.1574517488479614
rung0,lidar:1.0,137,0.7075242400169373
rung0,lidar:1.0,138,0.4284590184688568
rung0,lidar:1.0,139,0.33491307497024536
rung0,lidar:1.0,140,1.816847562789917
rung0,lidar:1.0,141,1.0630815029144287
rung0,lidar:1.0,142,0.9584226012229919
rung0,lidar:1.0,143,0.38557010889053345
rung0,lidar:1.0,144,0.28538990020751953
rung0,lidar:1.0,145,0.38140004873275757
rung0,lidar:1.0,146,0.5668020844459534
rung0,lidar:1.0,147,0.8168447017669678
rung0,lidar:1.0,148,1.3503015041351318
rung0,lidar:1.0,149,0.5194520354270935
rung0,lidar:1.0,150,1.073713779449463
rung0,lidar:1.0,151,0.6664438247680664
rung0,lidar:1.0,152,0.2055826187133789
rung0,lidar:1.0,153,0.6820273995399475
rung0,lidar:1.0,154,0.5308657884597778
rung0,lidar:1.0,155,1.2487813234329224
rung0,lidar:1.0,156,1.3434635400772095
rung0,lidar:1.0,157,1.2622345685958862
rung0,lidar:1.0,158,0.7980998158454895
rung0,lidar:1.0,159,0.8630679249763489
rung0,lidar:1.0,160,1.321097731590271
rung0,lidar:1.0,161,0.8888416290283203
rung0,lidar:1.0,162,1.5658434629440308
rung0,lidar:1.0,163,0.6236158013343811
rung0,lidar:1.0,164,1.3810664415359497
rung0,lidar:1.0,165,2.039341449737549
rung0,lidar:1.0,166,1.4372648000717163
rung0,lidar:1.0,167,1.0077646970748901
rung0,lidar:1.0,168,1.2154550552368164
rung0,lidar:1.0,169,1.692552924156189
rung0,lidar:1.0,170,1.021842122077942
rung0,lidar:1.0,171,0.8394626975059509
rung0,lidar:1.0,172,0.8025715351104736
rung0,lidar:1.0,173,0.7872719764709473
rung0,lidar:1.0,174,0.8764113783836365
rung0,lidar:1.0,175,1.2154409885406494
rung0,lidar:1.0,176,1.1715269088745117
rung0,lidar:1.0,177,1.3450225591659546
rung0,lidar:1.0,178,0.5523644685745239
rung0,lidar:1.0,179,1.3088572025299072
rung0,lidar:1.0,180,1.1738377809524536
rung0,lidar:1.0,181,1.0310546159744263
rung0,lidar:1.0,182,0.7829233407974243
rung0,lidar:1.0,183,0.49493855237960815
rung0,lidar:1.0,184,0.8260682821273804
rung0,lidar:1.0,185,1.3850148916244507
rung0,lidar:1.0,186,0.951012372970581
rung0,lidar:1.0,187,0.296048641204834
rung0,lidar:1.0,188,0.681448221206665
rung0,lidar:1.0,189,0.7078831791877747
rung0,lidar:1.0,190,0.9949434995651245
rung0,lidar:1.0,191,1.1361216306686401
rung0,lidar:1.0,192,1.388944149017334
rung0,lidar:1.0,193,0.5182655453681946
rung0,lidar:1.0,194,0.5832433104515076
rung0,lidar:1.0,195,0.39344221353530884
rung0,lidar:1.0,196,1.4580941200256348
rung0,lidar:1.0,197,0.727757453918457
rung0,lidar:1.0,198,0.6610965728759766
rung0,lidar:1.0,199,0.9114949703216553
rung0,lidar:1.0,200,1.0175807476043701
rung0,lidar:1.0,201,2.4118661880493164
rung0,lidar:1.0,202,2.289144992828369
rung0,lidar:1.0,203,2.0230860710144043
rung0,lidar:1.0,204,1.472459316253662
rung0,lidar:1.0,205,1.2309943437576294
rung0,lidar:1.0,206,1.7041844129562378
rung0,lidar:1.0,207,2.434652328491211
rung0,lidar:1.0,208,2.860041618347168
rung0,lidar:1.0,209,2.8137574195861816
rung0,lidar:1.0,210,1.0217061042785645
rung0,lidar:1.0,211,1.3378808498382568
rung0,lidar:1.0,212,1.9080743789672852
rung0,lidar:1.0,213,1.8591880798339844
rung0,lidar:1.0,214,2.664761543273926
rung0,lidar:1.0,215,3.4450719356536865
rung0,lidar:1.0,216,4.52983283996582
rung0,lidar:1.0,217,2.565873384475708
rung0,lidar:1.0,218,3.1040117740631104
rung0,lidar:1.0,219,2.33151912689209
rung0,lidar:1.0,220,2.3668713569641113
rung0,lidar:1.0,221,0.7532815933227539
rung0,lidar:1.0,222,0.866326093673706
rung0,lidar:1.0,223,0.2633741497993469
rung0,lidar:1.0,224,0.4347468316555023
rung0,lidar:1.0,225,1.06574285030365
rung0,lidar:1.0,226,0.7674139738082886
rung0,lidar:1.0,227,0.8200190663337708
rung0,lidar:1.0,228,1.7869081497192383
rung0,lidar:1.0,229,1.2731612920761108
rung0,lidar:1.0,230,2.753545045852661
rung0,lidar:1.0,231,2.008127450942993
rung0,lidar:1.0,232,2.925633430480957
rung0,lidar:1.0,233,1.9867298603057861
rung0,lidar:1.0,234,0.6231802701950073
rung0,lidar:1.0,235,0.7666611671447754
rung0,lidar:1.0,236,0.9261966943740845
rung0,lidar:1.0,237,0.8016486763954163
rung0,lidar:1.0,238,0.9609031677246094
rung0,lidar:1.0,239,0.7364299297332764
rung0,lidar:1.0,240,1.0788540840148926
rung0,lidar:1.0,241,0.6114259958267212
rung0,lidar:1.0,242,0.6488820910453796
rung0,lidar:1.0,243,0.7132657170295715
rung0,lidar:1.0,244,1.2466622591018677
rung0,lidar:1.0,245,1.090221881866455
rung0,lidar:1.0,246,0.5974043011665344
rung0,lidar:1.0,247,1.0770469903945923
rung0,lidar:1.0,248,0.7698683142662048
rung0,lidar:1.0,249,1.1293976306915283
rung0,lidar:1.0,250,1.0857231616973877
rung0,lidar:1.0,251,0.641618013381958
rung0,lidar:1.0,252,1.0204472541809082
rung0,lidar:1.0,253,0.8857876062393188
rung0,lidar:1.0,254,1.247790813446045
rung0,lidar:1.0,255,1.289607048034668
rung0,lidar:1.0,256,1.4840734004974365
rung0,lidar:1.0,257,0.9879739284515381
rung0,lidar:1.0,258,1.5553033351898193
rung0,lidar:1.0,259,1.2931458950042725
rung0,lidar:1.0,260,1.1622209548950195
rung0,lidar:1.0,261,2.536513328552246
rung0,lidar:1.0,262,2.1604578495025635
rung0,lidar:1.0,263,2.9982333183288574
rung0,lidar:1.0,264,2.580946683883667
rung0,lidar:1.0,265,1.038692593574524
rung0,lidar:1.0,266,1.7502645254135132
rung0,lidar:1.0,267,1.3071610927581787
rung0,lidar:1.0,268,1.250717043876648
rung0,lidar:1.0,269,1.1145960092544556
rung0,lidar:1.0,270,2.6179964542388916
rung0,lidar:1.0,271,1.0674729347229004
rung0,lidar:1.0,272,1.8666551113128662
rung0,lidar:1.0,273,1.204017162322998
rung0,lidar:1.0,274,0.523135781288147
rung0,lidar:1.0,275,1.4955991506576538
rung0,lidar:1.0,276,1.3663156032562256
rung0,lidar:1.0,277,1.0941526889801025
rung0,lidar:1.0,278,1.3875243663787842
rung0,lidar:1.0,279,0.9440939426422119
rung0,lidar:1.0,280,1.2187507152557373
rung0,lidar:1.0,281,1.3584990501403809
rung0,lidar:1.0,282,1.5537296533584595
rung0,lidar:1.0,283,0.9155733585357666
rung0,lidar:1.0,284,0.548363447189331
rung0,lidar:1.0,285,0.7482991814613342
rung0,lidar:1.0,286,2.3333420753479004
rung0,lidar:1.0,287,0.6662907004356384
rung0,lidar:1.0,288,1.1639127731323242
rung0,lidar:1.0,289,1.7136869430541992
rung0,lidar:1.0,290,1.017324686050415
rung0,lidar:1.0,291,1.1704015731811523
rung0,lidar:1.0,292,0.6500198245048523
rung0,lidar:1.0,293,1.6393486261367798
rung0,lidar:1.0,294,1.3257004022598267
rung0,lidar:1.0,295,2.532966136932373
rung0,lidar:1.0,296,1.3098561763763428
rung0,lidar:1.0,297,1.1311320066452026
rung0,lidar:1.0,298,1.817124366760254
rung0,lidar:1.0,299,2.2007837295532227
rung0,lidar:1.0,300,3.44930362701416
rung0,lidar:1.0,301,1.1589562892913818
rung0,lidar:1.0,302,2.3517343997955322
rung0,lidar:1.0,303,3.5012314319610596
rung0,lidar:1.0,304,1.6666356325149536
rung0,lidar:1.0,305,0.7946508526802063
rung0,lidar:1.0,306,1.6961174011230469
rung0,lidar:1.0,307,1.5380547046661377
rung0,lidar:1.0,308,2.3066928386688232
rung0,lidar:1.0,309,3.3912689685821533
rung0,lidar:1.0,310,3.1731061935424805
rung0,lidar:1.0,311,4.508790969848633
rung0,lidar:1.0,312,5.190980434417725
rung0,lidar:1.0,313,1.1270780563354492
rung0,lidar:1.0,314,1.9152312278747559
rung0,lidar:1.0,315,2.283109426498413
rung0,lidar:1.0,316,2.7639944553375244
rung0,lidar:1.0,317,1.534156084060669
rung0,lidar:1.0,318,1.3172190189361572
rung0,lidar:1.0,319,4.609518527984619
rung0,lidar:1.0,320,3.9610118865966797
rung0,lidar:1.0,321,8.119539260864258
rung0,lidar:1.0,322,7.8853840827941895
rung0,lidar:1.0,323,0.1731993556022644
rung0,lidar:1.0,324,0.9300040602684021
rung0,lidar:1.0,325,0.5018841028213501
rung0,lidar:1.0,326,0.39722052216529846
rung0,lidar:1.0,327,1.0597236156463623
rung0,lidar:1.0,328,0.10915807634592056
rung0,lidar:1.0,329,0.15839660167694092
rung0,lidar:1.0,330,2.822418689727783
rung0,lidar:1.0,331,1.3953293561935425
rung0,lidar:1.0,332,0.4103347063064575
rung0,lidar:1.0,333,0.21236319839954376
rung0,lidar:1.0,334,0.1355639398097992
rung0,lidar:1.0,335,0.19264927506446838
rung0,lidar:1.0,336,0.21741551160812378
rung0,lidar:1.0,337,0.27352383732795715
rung0,lidar:1.0,338,0.32105839252471924
rung0,lidar:1.0,339,0.33568769693374634
rung0,lidar:1.0,340,0.21466748416423798
rung0,lidar:1.0,341,0.4991876184940338
rung0,lidar:1.0,342,6.18864631652832
rung0,lidar:1.0,343,6.393270969390869
rung0,lidar:1.0,344,0.3851861357688904
rung0,lidar:1.0,345,0.53475022315979
rung0,lidar:1.0,346,0.8177966475486755
rung0,lidar:1.0,347,1.2055532932281494
rung0,lidar:1.0,348,2.8132240772247314
rung0,lidar:1.0,349,2.3067660331726074
rung0,lidar:1.0,350,1.3978915214538574
rung0,lidar:1.0,351,1.9196885824203491
rung0,lidar:1.0,352,1.7421655654907227
rung0,lidar:1.0,353,1.148552417755127
rung0,lidar:1.0,354,2.439676284790039
rung0,lidar:1.0,355,2.5899274349212646
rung0,lidar:1.0,356,0.6156333684921265
rung0,lidar:1.0,357,0.49032044410705566
rung0,lidar:1.0,358,0.3139462172985077
rung0,lidar:1.0,359,0.3998677730560303
rung0,lidar:1.0,360,0.42641115188598633
rung0,lidar:1.0,361,0.7458952069282532
rung0,lidar:1.0,362,0.7679036259651184
rung0,lidar:1.0,363,1.2645522356033325
rung0,lidar:1.0,364,1.7922347784042358
rung0,lidar:1.0,365,1.9091823101043701
rung0,lidar:1.0,366,2.8916831016540527
rung0,lidar:1.0,367,1.9937167167663574
rung0,lidar:1.0,368,1.1069762706756592
rung0,lidar:1.0,369,0.9123415350914001
rung0,lidar:1.0,370,0.7648622989654541
rung0,lidar:1.0,371,0.8909486532211304
rung0,lidar:1.0,372,1.3381534814834595
rung0,lidar:1.0,373,1.1837769746780396
rung0,lidar:1.0,374,0.9851461052894592
rung0,lidar:1.0,375,1.5321905612945557
rung0,lidar:1.0,376,2.1758015155792236
rung0,lidar:1.0,377,3.101653814315796
rung0,lidar:1.0,378,3.9223575592041016
rung0,lidar:1.0,379,4.532014846801758
rung0,lidar:1.0,380,3.8288090229034424
rung0,lidar:1.0,381,4.281857013702393
rung0,lidar:1.0,382,3.3164753913879395
rung0,lidar:1.0,383,1.7880024909973145
rung0,lidar:1.0,384,0.4850817322731018
rung0,lidar:1.0,385,0.538843035697937
rung0,lidar:1.0,386,0.6910227537155151
rung0,lidar:1.0,387,0.9860481023788452
rung0,lidar:1.0,388,0.7829139828681946
rung0,lidar:1.0,389,0.8073782920837402
rung0,lidar:1.0,390,0.5285226106643677
rung0,lidar:1.0,391,0.9234615564346313
rung0,lidar:1.0,392,0.9972355365753174
rung0,lidar:1.0,393,1.0175082683563232
rung0,lidar:1.0,394,0.916775107383728
rung0,lidar:1.0,395,0.9558291435241699
rung0,lidar:1.0,396,1.7036833763122559
rung0,lidar:1.0,397,1.748112440109253
rung0,lidar:1.0,398,1.572624921798706
rung0,lidar:1.0,399,1.2443835735321045
rung0,lidar:1.0,400,1.4432992935180664
rung0,lidar:1.0,401,1.6235754489898682
rung0,lidar:1.0,402,1.495260238647461
rung0,lidar:1.0,403,1.5752813816070557
rung0,lidar:1.0,404,1.328732967376709
rung0,lidar:1.0,405,1.130492091178894
rung0,lidar:1.0,406,1.391973614692688
rung0,lidar:1.0,407,1.4083728790283203
rung0,lidar:1.0,408,0.9959195256233215
rung0,lidar:1.0,409,0.8976562023162842
rung0,lidar:1.0,410,1.0119876861572266
rung0,lidar:1.0,411,0.4954383969306946
rung0,lidar:1.0,412,1.5274524688720703
rung0,lidar:1.0,413,1.442426085472107
rung0,lidar:1.0,414,1.13469398021698
rung0,lidar:1.0,415,0.8696362972259521
rung0,lidar:1.0,416,1.2568576335906982
rung0,lidar:1.0,417,0.8432744741439819
rung0,lidar:1.0,418,0.38550975918769836
rung0,lidar:1.0,419,0.48855483531951904
rung0,lidar:1.0,420,0.5370652675628662
rung0,lidar:1.0,421,0.5549519062042236
rung0,lidar:1.0,422,0.39932945370674133
rung0,lidar:1.0,423,0.6383552551269531
rung0,lidar:1.0,424,0.9779192805290222
rung0,lidar:1.0,425,0.8056082725524902
rung0,lidar:1.0,426,0.8600157499313354
rung0,lidar:1.0,427,0.8075871467590332
rung0,lidar:1.0,428,0.8360997438430786
rung0,lidar:1.0,429,0.1799304187297821
rung0,lidar:1.0,430,0.23718999326229095
rung0,lidar:1.0,431,0.3586543798446655
rung0,lidar:1.0,432,0.21325328946113586
rung0,lidar:1.0,433,0.3898587226867676
rung0,lidar:1.0,434,0.37398386001586914
rung0,lidar:1.0,435,0.6511343717575073
rung0,lidar:1.0,436,0.9262418746948242
rung0,lidar:1.0,437,1.511324167251587
rung0,lidar:1.0,438,0.7370370626449585
rung0,lidar:1.0,439,1.8076379299163818
rung0,lidar:1.0,440,1.901935338973999
rung0,lidar:1.0,441,1.5821532011032104
rung0,lidar:1.0,442,0.8687459230422974
rung0,lidar:1.0,443,1.050654649734497
rung0,lidar:1.0,444,1.4323331117630005
rung0,lidar:1.0,445,0.5824841260910034
rung0,lidar:1.0,446,0.6445462107658386
rung0,lidar:1.0,447,0.9458842277526855
rung0,lidar:1.0,448,1.6795566082000732
rung0,lidar:1.0,449,0.9998657703399658
rung0,lidar:1.0,450,0.9048714637756348
rung0,lidar:1.0,451,0.7962656021118164
rung0,lidar:1.0,452,1.3753916025161743
rung0,lidar:1.0,453,0.3467015027999878
rung0,lidar:1.0,454,1.5581932067871094
rung0,lidar:1.0,455,1.193213701248169
rung0,lidar:1.0,456,0.48214423656463623
rung0,lidar:1.0,457,1.2955965995788574
rung0,lidar:1.0,458,1.745779037475586
rung0,lidar:1.0,459,2.287538528442383
rung0,lidar:1.0,460,3.128209352493286
rung0,lidar:1.0,461,5.280182838439941
rung0,lidar:1.0,462,6.5665812492370605
rung0,lidar:1.0,463,0.2469969540834427
rung0,lidar:1.0,464,0.5384901762008667
rung0,lidar:1.0,465,1.0298219919204712
rung0,lidar:1.0,466,1.3187501430511475
rung0,lidar:1.0,467,1.8409454822540283
rung0,lidar:1.0,468,2.217045307159424
rung0,lidar:1.0,469,1.406611442565918
rung0,lidar:1.0,470,0.7519758343696594
rung0,lidar:1.0,471,4.664157390594482
rung0,lidar:1.0,472,5.243408203125
rung0,lidar:1.0,473,0.10254921764135361
rung0,lidar:1.0,474,0.07495725154876709
rung0,lidar:1.0,475,0.07730895280838013
rung0,lidar:1.0,476,0.04519609734416008
rung0,lidar:1.0,477,0.006668608635663986
rung0,lidar:1.0,478,0.09565097093582153
rung0,lidar:1.0,479,0.194065660238266
rung2a,none:0,0,0.8419936299324036
rung2a,none:0,1,0.884792685508728
rung2a,none:0,2,0.40075361728668213
rung2a,none:0,3,0.2845478057861328
rung2a,none:0,4,0.2106252759695053
rung2a,none:0,5,0.19380058348178864
rung2a,none:0,6,0.4522824287414551
rung2a,none:0,7,0.23241670429706573
rung2a,none:0,8,0.20656022429466248
rung2a,none:0,9,0.33123281598091125
rung2a,none:0,10,0.2074449062347412
rung2a,none:0,11,0.24864494800567627
rung2a,none:0,12,0.26465752720832825
rung2a,none:0,13,0.07629696279764175
rung2a,none:0,14,0.21000690758228302
rung2a,none:0,15,0.13935726881027222
rung2a,none:0,16,0.12433669716119766
rung2a,none:0,17,0.08455270528793335
rung2a,none:0,18,0.15636296570301056
rung2a,none:0,19,0.12451697885990143
rung2a,none:0,20,0.2259620726108551
rung2a,none:0,21,0.11025797575712204
rung2a,none:0,22,0.16471001505851746
rung2a,none:0,23,0.1133648157119751
rung2a,none:0,24,0.18370874226093292
rung2a,none:0,25,0.1178179681301117
rung2a,none:0,26,0.19115859270095825
rung2a,none:0,27,0.2090292125940323
rung2a,none:0,28,0.16820116341114044
rung2a,none:0,29,0.14598925411701202
rung2a,none:0,30,0.13149502873420715
rung2a,none:0,31,0.158200204372406
rung2a,none:0,32,0.12937450408935547
rung2a,none:0,33,0.15123936533927917
rung2a,none:0,34,0.07430689036846161
rung2a,none:0,35,0.12159349024295807
rung2a,none:0,36,0.1182502806186676
rung2a,none:0,37,0.30826282501220703
rung2a,none:0,38,0.11434119939804077
rung2a,none:0,39,0.12213349342346191
rung2a,none:0,40,0.09631659090518951
rung2a,none:0,41,0.25822579860687256
rung2a,none:0,42,0.11583389341831207
rung2a,none:0,43,0.07743896543979645
rung2a,none:0,44,0.09261225163936615
rung2a,none:0,45,0.2130979299545288
rung2a,none:0,46,0.10030315816402435
rung2a,none:0,47,0.1742960512638092
rung2a,none:0,48,0.31899505853652954
rung2a,none:0,49,0.4619160592556
rung2a,none:0,50,0.7426039576530457
rung2a,none:0,51,1.0633234977722168
rung2a,none:0,52,1.2152397632598877
rung2a,none:0,53,0.7909886837005615
rung2a,none:0,54,0.8020163774490356
rung2a,none:0,55,0.7936856746673584
rung2a,none:0,56,1.1037758588790894
rung2a,none:0,57,1.2615182399749756
rung2a,none:0,58,1.6962432861328125
rung2a,none:0,59,1.1532608270645142
rung2a,none:0,60,0.9299511313438416
rung2a,none:0,61,1.6027837991714478
rung2a,none:0,62,0.5738615393638611
rung2a,none:0,63,0.5134994983673096
rung2a,none:0,64,0.7856336832046509
rung2a,none:0,65,1.2030751705169678
rung2a,none:0,66,1.3788056373596191
rung2a,none:0,67,1.1955382823944092
rung2a,none:0,68,0.7852385640144348
rung2a,none:0,69,0.5177850723266602
rung2a,none:0,70,0.4547933042049408
rung2a,none:0,71,0.7824615240097046
rung2a,none:0,72,0.7668824195861816
rung2a,none:0,73,0.4331420063972473
rung2a,none:0,74,0.3957456946372986
rung2a,none:0,75,0.42075181007385254
rung2a,none:0,76,0.1349324882030487
rung2a,none:0,77,0.1919102966785431
rung2a,none:0,78,0.33853816986083984
rung2a,none:0,79,0.18701952695846558
rung2a,none:0,80,0.22784337401390076
rung2a,none:0,81,0.27926626801490784
rung2a,none:0,82,0.5889483690261841
rung2a,none:0,83,0.7467065453529358
rung2a,none:0,84,0.5434056520462036
rung2a,none:0,85,0.440946489572525
rung2a,none:0,86,0.7979492545127869
rung2a,none:0,87,0.9744728207588196
rung2a,none:0,88,0.6234667301177979
rung2a,none:0,89,0.3921768069267273
rung2a,none:0,90,0.39439958333969116
rung2a,none:0,91,0.5487514734268188
rung2a,none:0,92,0.5066819190979004
rung2a,none:0,93,0.2500040829181671
rung2a,none:0,94,0.311215877532959
rung2a,none:0,95,0.40521562099456787
rung2a,none:0,96,0.13608869910240173
rung2a,none:0,97,0.09512680023908615
rung2a,none:0,98,0.19149035215377808
rung2a,none:0,99,0.2735353410243988
rung2a,none:0,100,0.07893442362546921
rung2a,none:0,101,0.2486569732427597
rung2a,none:0,102,0.18298165500164032
rung2a,none:0,103,0.214959055185318
rung2a,none:0,104,0.08256703615188599
rung2a,none:0,105,0.17868763208389282
rung2a,none:0,106,0.09951011836528778
rung2a,none:0,107,0.2622213661670685
rung2a,none:0,108,0.1403883993625641
rung2a,none:0,109,0.21230050921440125
rung2a,none:0,110,0.10043062269687653
rung2a,none:0,111,0.24817302823066711
rung2a,none:0,112,0.16065484285354614
rung2a,none:0,113,0.10072854906320572
rung2a,none:0,114,0.15595799684524536
rung2a,none:0,115,0.12594571709632874
rung2a,none:0,116,0.22277870774269104
rung2a,none:0,117,0.11846370995044708
rung2a,none:0,118,0.20975279808044434
rung2a,none:0,119,0.15003660321235657
rung2a,none:0,120,0.22955243289470673
rung2a,none:0,121,0.14376285672187805
rung2a,none:0,122,0.17764440178871155
rung2a,none:0,123,0.16438260674476624
rung2a,none:0,124,0.3372325003147125
rung2a,none:0,125,0.16586342453956604
rung2a,none:0,126,0.2299320101737976
rung2a,none:0,127,0.1769062876701355
rung2a,none:0,128,0.23857378959655762
rung2a,none:0,129,0.14698746800422668
rung2a,none:0,130,0.19063693284988403
rung2a,none:0,131,0.22967466711997986
rung2a,none:0,132,0.17514899373054504
rung2a,none:0,133,0.19221317768096924
rung2a,none:0,134,0.12287961691617966
rung2a,none:0,135,0.161006361246109
rung2a,none:0,136,0.2944261133670807
rung2a,none:0,137,0.3083817958831787
rung2a,none:0,138,0.1432669460773468
rung2a,none:0,139,0.2011774331331253
rung2a,none:0,140,0.22957122325897217
rung2a,none:0,141,0.3327290415763855
rung2a,none:0,142,0.1394428014755249
rung2a,none:0,143,0.1482388824224472
rung2a,none:0,144,0.15280470252037048
rung2a,none:0,145,0.24128927290439606
rung2a,none:0,146,0.1816152185201645
rung2a,none:0,147,0.14406275749206543
rung2a,none:0,148,0.15761178731918335
rung2a,none:0,149,0.30882060527801514
rung2a,none:0,150,0.22523720562458038
rung2a,none:0,151,0.09900625050067902
rung2a,none:0,152,0.12938416004180908
rung2a,none:0,153,0.38392868638038635
rung2a,none:0,154,0.3149493336677551
rung2a,none:0,155,0.9089798927307129
rung2a,none:0,156,0.7165253162384033
rung2a,none:0,157,1.1775308847427368
rung2a,none:0,158,0.4640226364135742
rung2a,none:0,159,0.1616852730512619
rung2a,none:0,160,0.41612255573272705
rung2a,none:0,161,0.8891462087631226
rung2a,none:0,162,1.2041317224502563
rung2a,none:0,163,0.5779154300689697
rung2a,none:0,164,0.20009756088256836
rung2a,none:0,165,0.2645806670188904
rung2a,none:0,166,0.24698105454444885
rung2a,none:0,167,0.14334264397621155
rung2a,none:0,168,0.1719687432050705
rung2a,none:0,169,0.42422357201576233
rung2a,none:0,170,0.7193996906280518
rung2a,none:0,171,0.2170904129743576
rung2a,none:0,172,0.15440461039543152
rung2a,none:0,173,0.3531615734100342
rung2a,none:0,174,0.3306826949119568
rung2a,none:0,175,0.17647585272789001
rung2a,none:0,176,0.2874147295951843
rung2a,none:0,177,0.10122956335544586
rung2a,none:0,178,0.14552703499794006
rung2a,none:0,179,0.15372894704341888
rung2a,none:0,180,0.24819234013557434
rung2a,none:0,181,0.2123352736234665
rung2a,none:0,182,0.22724725306034088
rung2a,none:0,183,0.15222954750061035
rung2a,none:0,184,0.16795334219932556
rung2a,none:0,185,0.2112468183040619
rung2a,none:0,186,0.1355593055486679
rung2a,none:0,187,0.22037550806999207
rung2a,none:0,188,0.23836898803710938
rung2a,none:0,189,0.10700365900993347
rung2a,none:0,190,0.18508969247341156
rung2a,none:0,191,0.2283506989479065
rung2a,none:0,192,0.10058233886957169
rung2a,none:0,193,0.1673198938369751
rung2a,none:0,194,0.11532123386859894
rung2a,none:0,195,0.07620824873447418
rung2a,none:0,196,0.13099974393844604
rung2a,none:0,197,0.1765260100364685
rung2a,none:0,198,0.3922964930534363
rung2a,none:0,199,0.457418829202652
rung2a,none:0,200,0.5610502362251282
rung2a,none:0,201,0.3675699532032013
rung2a,none:0,202,0.3627568483352661
rung2a,none:0,203,0.3484189510345459
rung2a,none:0,204,0.6252382397651672
rung2a,none:0,205,0.7722094655036926
rung2a,none:0,206,1.073660969734192
rung2a,none:0,207,1.0487937927246094
rung2a,none:0,208,0.4659554660320282
rung2a,none:0,209,0.9067502021789551
rung2a,none:0,210,0.7586811780929565
rung2a,none:0,211,1.4451476335525513
rung2a,none:0,212,1.5762490034103394
rung2a,none:0,213,1.515554428100586
rung2a,none:0,214,0.8014562726020813
rung2a,none:0,215,0.6682744026184082
rung2a,none:0,216,2.88217830657959
rung2a,none:0,217,0.4050210416316986
rung2a,none:0,218,0.49056580662727356
rung2a,none:0,219,0.3714745342731476
rung2a,none:0,220,0.1590607911348343
rung2a,none:0,221,0.41640686988830566
rung2a,none:0,222,0.6163020730018616
rung2a,none:0,223,0.3393141031265259
rung2a,none:0,224,0.23777903616428375
rung2a,none:0,225,0.267192006111145
rung2a,none:0,226,0.45271366834640503
rung2a,none:0,227,0.6509899497032166
rung2a,none:0,228,0.6247179508209229
rung2a,none:0,229,0.5623944997787476
rung2a,none:0,230,0.43746888637542725
rung2a,none:0,231,0.4697955250740051
rung2a,none:0,232,0.5526972413063049
rung2a,none:0,233,0.503143310546875
rung2a,none:0,234,0.2473532259464264
rung2a,none:0,235,0.2828933596611023
rung2a,none:0,236,0.5007946491241455
rung2a,none:0,237,0.17494699358940125
rung2a,none:0,238,0.11498330533504486
rung2a,none:0,239,0.19702421128749847
rung2a,none:0,240,0.5355950593948364
rung2a,none:0,241,0.2673218250274658
rung2a,none:0,242,0.0662493109703064
rung2a,none:0,243,0.06699416041374207
rung2a,none:0,244,0.24214769899845123
rung2a,none:0,245,0.10121811926364899
rung2a,none:0,246,0.2187512218952179
rung2a,none:0,247,0.09408053010702133
rung2a,none:0,248,0.16726292669773102
rung2a,none:0,249,0.1441499888896942
rung2a,none:0,250,0.09257109463214874
rung2a,none:0,251,0.07177737355232239
rung2a,none:0,252,0.0796063095331192
rung2a,none:0,253,0.08123604953289032
rung2a,none:0,254,0.8672960996627808
rung2a,none:0,255,0.7384214401245117
rung2a,none:0,256,0.862322211265564
rung2a,none:0,257,0.46923455595970154
rung2a,none:0,258,0.44826656579971313
rung2a,none:0,259,0.5646819472312927
rung2a,none:0,260,0.6156522035598755
rung2a,none:0,261,0.5214652419090271
rung2a,none:0,262,1.4351651668548584
rung2a,none:0,263,1.910157322883606
rung2a,none:0,264,0.3541940152645111
rung2a,none:0,265,0.3569449186325073
rung2a,none:0,266,0.3621237874031067
rung2a,none:0,267,0.5387704372406006
rung2a,none:0,268,0.38418158888816833
rung2a,none:0,269,0.4557951092720032
rung2a,none:0,270,0.7270285487174988
rung2a,none:0,271,0.6350720524787903
rung2a,none:0,272,0.3466672897338867
rung2a,none:0,273,0.32788318395614624
rung2a,none:0,274,0.0999780148267746
rung2a,none:0,275,0.1761927306652069
rung2a,none:0,276,0.42698368430137634
rung2a,none:0,277,0.19686691462993622
rung2a,none:0,278,0.14147691428661346
rung2a,none:0,279,0.19273105263710022
rung2a,none:0,280,0.15489718317985535
rung2a,none:0,281,0.14770136773586273
rung2a,none:0,282,0.32176336646080017
rung2a,none:0,283,0.21892522275447845
rung2a,none:0,284,0.12452994287014008
rung2a,none:0,285,0.23436395823955536
rung2a,none:0,286,0.2966812551021576
rung2a,none:0,287,0.47425317764282227
rung2a,none:0,288,0.17628327012062073
rung2a,none:0,289,0.13054512441158295
rung2a,none:0,290,0.24479088187217712
rung2a,none:0,291,0.45634615421295166
rung2a,none:0,292,0.26731425523757935
rung2a,none:0,293,0.11960026621818542
rung2a,none:0,294,0.14426882565021515
rung2a,none:0,295,0.22108039259910583
rung2a,none:0,296,0.17108672857284546
rung2a,none:0,297,0.25755003094673157
rung2a,none:0,298,0.17546314001083374
rung2a,none:0,299,0.35949695110321045
rung2a,none:0,300,0.3671662211418152
rung2a,none:0,301,0.23831361532211304
rung2a,none:0,302,0.32495400309562683
rung2a,none:0,303,0.4708462953567505
rung2a,none:0,304,0.7007555961608887
rung2a,none:0,305,0.18681585788726807
rung2a,none:0,306,0.7603885531425476
rung2a,none:0,307,0.655128002166748
rung2a,none:0,308,0.7777261137962341
rung2a,none:0,309,1.5014933347702026
rung2a,none:0,310,0.8304224610328674
rung2a,none:0,311,1.3021156787872314
rung2a,none:0,312,0.6178547143936157
rung2a,none:0,313,0.7134051322937012
rung2a,none:0,314,0.826870322227478
rung2a,none:0,315,0.4404083490371704
rung2a,none:0,316,0.5283682942390442
rung2a,none:0,317,0.9540574550628662
rung2a,none:0,318,0.9220697283744812
rung2a,none:0,319,0.8961971998214722
rung2a,none:0,320,1.2782273292541504
rung2a,none:0,321,0.6736099720001221
rung2a,none:0,322,0.08382637798786163
rung2a,none:0,323,0.1100977212190628
rung2a,none:0,324,0.12679487466812134
rung2a,none:0,325,0.1442071795463562
rung2a,none:0,326,0.17386668920516968
rung2a,none:0,327,0.20677953958511353
rung2a,none:0,328,0.25172579288482666
rung2a,none:0,329,0.28699079155921936
rung2a,none:0,330,0.4494543969631195
rung2a,none:0,331,0.07010910660028458
rung2a,none:0,332,0.07784760743379593
rung2a,none:0,333,0.03473679721355438
rung2a,none:0,334,0.05501436069607735
rung2a,none:0,335,0.13042189180850983
rung2a,none:0,336,0.26007163524627686
rung2a,none:0,337,0.3691011369228363
rung2a,none:0,338,0.47050657868385315
rung2a,none:0,339,0.5235930681228638
rung2a,none:0,340,0.5205003619194031
rung2a,none:0,341,0.31908366084098816
rung2a,none:0,342,1.1766289472579956
rung2a,none:0,343,0.9235286116600037
rung2a,none:0,344,0.3344684839248657
rung2a,none:0,345,0.7762196063995361
rung2a,none:0,346,1.3153983354568481
rung2a,none:0,347,1.5726755857467651
rung2a,none:0,348,1.1419830322265625
rung2a,none:0,349,0.9531416296958923
rung2a,none:0,350,0.6783134937286377
rung2a,none:0,351,0.5398477911949158
rung2a,none:0,352,0.434598445892334
rung2a,none:0,353,0.2706238329410553
rung2a,none:0,354,0.25555911660194397
rung2a,none:0,355,0.30996793508529663
rung2a,none:0,356,0.3529185652732849
rung2a,none:0,357,0.6553832292556763
rung2a,none:0,358,0.2293938547372818
rung2a,none:0,359,0.32607167959213257
rung2a,none:0,360,0.3242461681365967
rung2a,none:0,361,0.5426830053329468
rung2a,none:0,362,0.7105866074562073
rung2a,none:0,363,0.6277976632118225
rung2a,none:0,364,0.4843257665634155
rung2a,none:0,365,0.3900529444217682
rung2a,none:0,366,0.4200087785720825
rung2a,none:0,367,0.4670146107673645
rung2a,none:0,368,0.9515447616577148
rung2a,none:0,369,0.542303740978241
rung2a,none:0,370,0.7443647384643555
rung2a,none:0,371,0.6765631437301636
rung2a,none:0,372,0.23811306059360504
rung2a,none:0,373,0.47020214796066284
rung2a,none:0,374,0.7448698282241821
rung2a,none:0,375,1.288704752922058
rung2a,none:0,376,2.1398379802703857
rung2a,none:0,377,3.042206287384033
rung2a,none:0,378,3.821024179458618
rung2a,none:0,379,3.2448625564575195
rung2a,none:0,380,3.4741735458374023
rung2a,none:0,381,0.5969679951667786
rung2a,none:0,382,0.5444625020027161
rung2a,none:0,383,0.38066667318344116
rung2a,none:0,384,0.3335716724395752
rung2a,none:0,385,0.5952923893928528
rung2a,none:0,386,0.9203087091445923
rung2a,none:0,387,1.0753037929534912
rung2a,none:0,388,0.22750553488731384
rung2a,none:0,389,0.19763866066932678
rung2a,none:0,390,0.3023375868797302
rung2a,none:0,391,0.5373105406761169
rung2a,none:0,392,0.6288861036300659
rung2a,none:0,393,0.9053528308868408
rung2a,none:0,394,0.298129141330719
rung2a,none:0,395,0.21446648240089417
rung2a,none:0,396,0.09654972702264786
rung2a,none:0,397,0.16011489927768707
rung2a,none:0,398,0.208380326628685
rung2a,none:0,399,0.32052361965179443
rung2a,none:0,400,0.16871437430381775
rung2a,none:0,401,0.47535860538482666
rung2a,none:0,402,0.1320606768131256
rung2a,none:0,403,0.3672894239425659
rung2a,none:0,404,0.20970101654529572
rung2a,none:0,405,0.5067935585975647
rung2a,none:0,406,0.5304578542709351
rung2a,none:0,407,0.2582441568374634
rung2a,none:0,408,0.29811811447143555
rung2a,none:0,409,0.6079832315444946
rung2a,none:0,410,0.2610135078430176
rung2a,none:0,411,0.7501651048660278
rung2a,none:0,412,0.13284142315387726
rung2a,none:0,413,0.17396631836891174
rung2a,none:0,414,0.14428909122943878
rung2a,none:0,415,0.4823438227176666
rung2a,none:0,416,0.33070284128189087
rung2a,none:0,417,0.15243208408355713
rung2a,none:0,418,0.15311942994594574
rung2a,none:0,419,0.37538862228393555
rung2a,none:0,420,0.3993457555770874
rung2a,none:0,421,0.19241930544376373
rung2a,none:0,422,0.21585139632225037
rung2a,none:0,423,0.4058932662010193
rung2a,none:0,424,0.4433059096336365
rung2a,none:0,425,0.18507269024848938
rung2a,none:0,426,0.22131237387657166
rung2a,none:0,427,0.15793418884277344
rung2a,none:0,428,0.7022276520729065
rung2a,none:0,429,0.11712431907653809
rung2a,none:0,430,0.17648068070411682
rung2a,none:0,431,0.15644828975200653
rung2a,none:0,432,0.28523319959640503
rung2a,none:0,433,0.18016678094863892
rung2a,none:0,434,0.3257725238800049
rung2a,none:0,435,0.19077014923095703
rung2a,none:0,436,0.3407379984855652
rung2a,none:0,437,0.22229339182376862
rung2a,none:0,438,0.2116846740245819
rung2a,none:0,439,0.23130188882350922
rung2a,none:0,440,0.23059462010860443
rung2a,none:0,441,0.28449296951293945
rung2a,none:0,442,0.24650120735168457
rung2a,none:0,443,0.4159531593322754
rung2a,none:0,444,0.1905229389667511
rung2a,none:0,445,0.20379124581813812
rung2a,none:0,446,0.2649393677711487
rung2a,none:0,447,0.24264991283416748
rung2a,none:0,448,0.10267095267772675
rung2a,none:0,449,0.19250032305717468
rung2a,none:0,450,0.4136574864387512
rung2a,none:0,451,0.536275327205658
rung2a,none:0,452,0.2883478105068207
rung2a,none:0,453,0.2443198263645172
rung2a,none:0,454,0.22424548864364624
rung2a,none:0,455,0.29439520835876465
rung2a,none:0,456,0.6218240261077881
rung2a,none:0,457,0.7406420707702637
rung2a,none:0,458,1.773820400238037
rung2a,none:0,459,2.07309889793396
rung2a,none:0,460,1.6957740783691406
rung2a,none:0,461,0.8319686651229858
rung2a,none:0,462,0.39396631717681885
rung2a,none:0,463,0.6539930105209351
rung2a,none:0,464,0.6931131482124329
rung2a,none:0,465,0.6868675947189331
rung2a,none:0,466,0.6142029166221619
rung2a,none:0,467,0.45379704236984253
rung2a,none:0,468,0.48769110441207886
rung2a,none:0,469,0.8169744610786438
rung2a,none:0,470,0.6076817512512207
rung2a,none:0,471,0.5543352961540222
rung2a,none:0,472,0.2089114487171173
rung2a,none:0,473,0.06479001045227051
rung2a,none:0,474,0.08097285032272339
rung2a,none:0,475,0.06732549518346786
rung2a,none:0,476,0.05916664004325867
rung2a,none:0,477,0.06699784100055695
rung2a,none:0,478,0.05357753112912178
rung2a,none:0,479,0.06511282920837402
rung2a,camera:0.5,0,1.0208688974380493
rung2a,camera:0.5,1,0.9264041185379028
rung2a,camera:0.5,2,0.377335786819458
rung2a,camera:0.5,3,0.22141900658607483
rung2a,camera:0.5,4,0.21041344106197357
rung2a,camera:0.5,5,0.20211029052734375
rung2a,camera:0.5,6,0.5137406587600708
rung2a,camera:0.5,7,0.2892892062664032
rung2a,camera:0.5,8,0.19290995597839355
rung2a,camera:0.5,9,0.2747783660888672
rung2a,camera:0.5,10,0.5311727523803711
rung2a,camera:0.5,11,0.2712116837501526
rung2a,camera:0.5,12,0.2478967308998108
rung2a,camera:0.5,13,0.0776890367269516
rung2a,camera:0.5,14,0.1570541262626648
rung2a,camera:0.5,15,0.10698641836643219
rung2a,camera:0.5,16,0.20725950598716736
rung2a,camera:0.5,17,0.12612178921699524
rung2a,camera:0.5,18,0.1142236664891243
rung2a,camera:0.5,19,0.10574960708618164
rung2a,camera:0.5,20,0.2302681803703308
rung2a,camera:0.5,21,0.11217451095581055
rung2a,camera:0.5,22,0.12002744525671005
rung2a,camera:0.5,23,0.10623547434806824
rung2a,camera:0.5,24,0.23122231662273407
rung2a,camera:0.5,25,0.14259597659111023
rung2a,camera:0.5,26,0.13144570589065552
rung2a,camera:0.5,27,0.19238248467445374
rung2a,camera:0.5,28,0.19856882095336914
rung2a,camera:0.5,29,0.18697425723075867
rung2a,camera:0.5,30,0.13014106452465057
rung2a,camera:0.5,31,0.16467183828353882
rung2a,camera:0.5,32,0.16339881718158722
rung2a,camera:0.5,33,0.2435254454612732
rung2a,camera:0.5,34,0.09230458736419678
rung2a,camera:0.5,35,0.11415798962116241
rung2a,camera:0.5,36,0.16324451565742493
rung2a,camera:0.5,37,0.3940843343734741
rung2a,camera:0.5,38,0.16189616918563843
rung2a,camera:0.5,39,0.12213318794965744
rung2a,camera:0.5,40,0.10611487179994583
rung2a,camera:0.5,41,0.31280189752578735
rung2a,camera:0.5,42,0.17002734541893005
rung2a,camera:0.5,43,0.09878411889076233
rung2a,camera:0.5,44,0.12415067851543427
rung2a,camera:0.5,45,0.2133897840976715
rung2a,camera:0.5,46,0.11032193899154663
rung2a,camera:0.5,47,0.18603359162807465
rung2a,camera:0.5,48,0.3187653422355652
rung2a,camera:0.5,49,0.46207547187805176
rung2a,camera:0.5,50,0.6998805403709412
rung2a,camera:0.5,51,1.0086376667022705
rung2a,camera:0.5,52,1.3520480394363403
rung2a,camera:0.5,53,1.1112961769104004
rung2a,camera:0.5,54,1.047048568725586
rung2a,camera:0.5,55,0.9457400441169739
rung2a,camera:0.5,56,1.1760921478271484
rung2a,camera:0.5,57,1.4301689863204956
rung2a,camera:0.5,58,2.2687830924987793
rung2a,camera:0.5,59,2.1012275218963623
rung2a,camera:0.5,60,1.684183955192566
rung2a,camera:0.5,61,1.6594303846359253
rung2a,camera:0.5,62,0.7142609357833862
rung2a,camera:0.5,63,0.5275930166244507
rung2a,camera:0.5,64,0.7743934392929077
rung2a,camera:0.5,65,1.2264717817306519
rung2a,camera:0.5,66,1.534674882888794
rung2a,camera:0.5,67,1.4582242965698242
rung2a,camera:0.5,68,1.497823715209961
rung2a,camera:0.5,69,1.555835247039795
rung2a,camera:0.5,70,0.7069504261016846
rung2a,camera:0.5,71,0.7382490038871765
rung2a,camera:0.5,72,0.7769883871078491
rung2a,camera:0.5,73,0.34247803688049316
rung2a,camera:0.5,74,0.3569153845310211
rung2a,camera:0.5,75,0.34064924716949463
rung2a,camera:0.5,76,0.11889664083719254
rung2a,camera:0.5,77,0.22802376747131348
rung2a,camera:0.5,78,0.40843862295150757
rung2a,camera:0.5,79,0.2355799674987793
rung2a,camera:0.5,80,0.22769266366958618
rung2a,camera:0.5,81,0.27738258242607117
rung2a,camera:0.5,82,0.5914859175682068
rung2a,camera:0.5,83,0.725774884223938
rung2a,camera:0.5,84,0.5285610556602478
rung2a,camera:0.5,85,0.475567102432251
rung2a,camera:0.5,86,0.7924855947494507
rung2a,camera:0.5,87,0.7614291906356812
rung2a,camera:0.5,88,0.8095498085021973
rung2a,camera:0.5,89,0.4365776777267456
rung2a,camera:0.5,90,0.44562554359436035
rung2a,camera:0.5,91,0.5919362306594849
rung2a,camera:0.5,92,0.3664998710155487
rung2a,camera:0.5,93,0.25647592544555664
rung2a,camera:0.5,94,0.260786235332489
rung2a,camera:0.5,95,0.3416253924369812
rung2a,camera:0.5,96,0.11334753036499023
rung2a,camera:0.5,97,0.10138925909996033
rung2a,camera:0.5,98,0.081551194190979
rung2a,camera:0.5,99,0.1560499668121338
rung2a,camera:0.5,100,0.12118913233280182
rung2a,camera:0.5,101,0.37364834547042847
rung2a,camera:0.5,102,0.2396964579820633
rung2a,camera:0.5,103,0.18787100911140442
rung2a,camera:0.5,104,0.08079753071069717
rung2a,camera:0.5,105,0.24767333269119263
rung2a,camera:0.5,106,0.11278365552425385
rung2a,camera:0.5,107,0.22832469642162323
rung2a,camera:0.5,108,0.1380334049463272
rung2a,camera:0.5,109,0.22340551018714905
rung2a,camera:0.5,110,0.0956718847155571
rung2a,camera:0.5,111,0.19553057849407196
rung2a,camera:0.5,112,0.1345757693052292
rung2a,camera:0.5,113,0.10120891034603119
rung2a,camera:0.5,114,0.17805889248847961
rung2a,camera:0.5,115,0.14334869384765625
rung2a,camera:0.5,116,0.2064957320690155
rung2a,camera:0.5,117,0.11659447848796844
rung2a,camera:0.5,118,0.21279889345169067
rung2a,camera:0.5,119,0.15922942757606506
rung2a,camera:0.5,120,0.26835867762565613
rung2a,camera:0.5,121,0.16126564145088196
rung2a,camera:0.5,122,0.2339247316122055
rung2a,camera:0.5,123,0.1872657835483551
rung2a,camera:0.5,124,0.3366055488586426
rung2a,camera:0.5,125,0.159421905875206
rung2a,camera:0.5,126,0.2790551781654358
rung2a,camera:0.5,127,0.19367119669914246
rung2a,camera:0.5,128,0.2497311234474182
rung2a,camera:0.5,129,0.15772713720798492
rung2a,camera:0.5,130,0.2169426828622818
rung2a,camera:0.5,131,0.24506323039531708
rung2a,camera:0.5,132,0.17434510588645935
rung2a,camera:0.5,133,0.16608427464962006
rung2a,camera:0.5,134,0.10764755308628082
rung2a,camera:0.5,135,0.172006294131279
rung2a,camera:0.5,136,0.27007174491882324
rung2a,camera:0.5,137,0.293057382106781
rung2a,camera:0.5,138,0.13519485294818878
rung2a,camera:0.5,139,0.16807499527931213
rung2a,camera:0.5,140,0.20829170942306519
rung2a,camera:0.5,141,0.32168853282928467
rung2a,camera:0.5,142,0.13944104313850403
rung2a,camera:0.5,143,0.1633075773715973
rung2a,camera:0.5,144,0.16288582980632782
rung2a,camera:0.5,145,0.18131417036056519
rung2a,camera:0.5,146,0.19282478094100952
rung2a,camera:0.5,147,0.1639549434185028
rung2a,camera:0.5,148,0.1730164885520935
rung2a,camera:0.5,149,0.3060344457626343
rung2a,camera:0.5,150,0.25392061471939087
rung2a,camera:0.5,151,0.12762735784053802
rung2a,camera:0.5,152,0.15920516848564148
rung2a,camera:0.5,153,0.36054864525794983
rung2a,camera:0.5,154,0.32133668661117554
rung2a,camera:0.5,155,0.838651180267334
rung2a,camera:0.5,156,0.7165398001670837
rung2a,camera:0.5,157,1.3700213432312012
rung2a,camera:0.5,158,0.4937647879123688
rung2a,camera:0.5,159,0.17310169339179993
rung2a,camera:0.5,160,0.4509022533893585
rung2a,camera:0.5,161,1.0941147804260254
rung2a,camera:0.5,162,1.3957451581954956
rung2a,camera:0.5,163,0.6904385089874268
rung2a,camera:0.5,164,0.3593584895133972
rung2a,camera:0.5,165,0.17290633916854858
rung2a,camera:0.5,166,0.27139174938201904
rung2a,camera:0.5,167,0.16764873266220093
rung2a,camera:0.5,168,0.17088566720485687
rung2a,camera:0.5,169,0.32919594645500183
rung2a,camera:0.5,170,0.8018378019332886
rung2a,camera:0.5,171,0.22229039669036865
rung2a,camera:0.5,172,0.21003760397434235
rung2a,camera:0.5,173,0.3609803318977356
rung2a,camera:0.5,174,0.3258674442768097
rung2a,camera:0.5,175,0.17942997813224792
rung2a,camera:0.5,176,0.2466038167476654
rung2a,camera:0.5,177,0.11986871063709259
rung2a,camera:0.5,178,0.18146057426929474
rung2a,camera:0.5,179,0.15764030814170837
rung2a,camera:0.5,180,0.18074853718280792
rung2a,camera:0.5,181,0.14707276225090027
rung2a,camera:0.5,182,0.19756409525871277
rung2a,camera:0.5,183,0.1470620483160019
rung2a,camera:0.5,184,0.14723621308803558
rung2a,camera:0.5,185,0.205032616853714
rung2a,camera:0.5,186,0.14408573508262634
rung2a,camera:0.5,187,0.23219475150108337
rung2a,camera:0.5,188,0.19004204869270325
rung2a,camera:0.5,189,0.1454927921295166
rung2a,camera:0.5,190,0.14351056516170502
rung2a,camera:0.5,191,0.17308837175369263
rung2a,camera:0.5,192,0.14421841502189636
rung2a,camera:0.5,193,0.20259827375411987
rung2a,camera:0.5,194,0.15994320809841156
rung2a,camera:0.5,195,0.0922933891415596
rung2a,camera:0.5,196,0.15048649907112122
rung2a,camera:0.5,197,0.168527752161026
rung2a,camera:0.5,198,0.30496200919151306
rung2a,camera:0.5,199,0.4517987370491028
rung2a,camera:0.5,200,0.5922934412956238
rung2a,camera:0.5,201,0.3675265312194824
rung2a,camera:0.5,202,0.3957422971725464
rung2a,camera:0.5,203,0.3587414026260376
rung2a,camera:0.5,204,0.594843864440918
rung2a,camera:0.5,205,0.8523313999176025
rung2a,camera:0.5,206,1.0501878261566162
rung2a,camera:0.5,207,1.103249192237854
rung2a,camera:0.5,208,0.4756666421890259
rung2a,camera:0.5,209,0.9049192667007446
rung2a,camera:0.5,210,0.8238399028778076
rung2a,camera:0.5,211,1.5480271577835083
rung2a,camera:0.5,212,2.1512961387634277
rung2a,camera:0.5,213,1.7558847665786743
rung2a,camera:0.5,214,0.9196997880935669
rung2a,camera:0.5,215,0.676427960395813
rung2a,camera:0.5,216,2.8497705459594727
rung2a,camera:0.5,217,0.387187659740448
rung2a,camera:0.5,218,0.42548897862434387
rung2a,camera:0.5,219,0.39040589332580566
rung2a,camera:0.5,220,0.1401987224817276
rung2a,camera:0.5,221,0.4308719038963318
rung2a,camera:0.5,222,0.6814309358596802
rung2a,camera:0.5,223,0.4385107755661011
rung2a,camera:0.5,224,0.2606509327888489
rung2a,camera:0.5,225,0.2689817547798157
rung2a,camera:0.5,226,0.4756596088409424
rung2a,camera:0.5,227,0.6654811501502991
rung2a,camera:0.5,228,0.7721611261367798
rung2a,camera:0.5,229,0.5995640754699707
rung2a,camera:0.5,230,0.5837525129318237
rung2a,camera:0.5,231,0.6887635588645935
rung2a,camera:0.5,232,0.5223119258880615
rung2a,camera:0.5,233,0.4967207908630371
rung2a,camera:0.5,234,0.28936347365379333
rung2a,camera:0.5,235,0.2805754840373993
rung2a,camera:0.5,236,0.5712987184524536
rung2a,camera:0.5,237,0.19424983859062195
rung2a,camera:0.5,238,0.10421106964349747
rung2a,camera:0.5,239,0.2695329189300537
rung2a,camera:0.5,240,0.5368132591247559
rung2a,camera:0.5,241,0.25467783212661743
rung2a,camera:0.5,242,0.07695257663726807
rung2a,camera:0.5,243,0.07027147710323334
rung2a,camera:0.5,244,0.3091697096824646
rung2a,camera:0.5,245,0.08031956851482391
rung2a,camera:0.5,246,0.2182617485523224
rung2a,camera:0.5,247,0.08355380594730377
rung2a,camera:0.5,248,0.14495597779750824
rung2a,camera:0.5,249,0.12859174609184265
rung2a,camera:0.5,250,0.11728799343109131
rung2a,camera:0.5,251,0.05599302798509598
rung2a,camera:0.5,252,0.053538888692855835
rung2a,camera:0.5,253,0.07046686112880707
rung2a,camera:0.5,254,0.8532344102859497
rung2a,camera:0.5,255,0.7189796566963196
rung2a,camera:0.5,256,0.7867833375930786
rung2a,camera:0.5,257,0.41457515954971313
rung2a,camera:0.5,258,0.4399481415748596
rung2a,camera:0.5,259,0.5368614196777344
rung2a,camera:0.5,260,0.5910211801528931
rung2a,camera:0.5,261,0.3566356301307678
rung2a,camera:0.5,262,1.2576744556427002
rung2a,camera:0.5,263,1.7770192623138428
rung2a,camera:0.5,264,0.5425864458084106
rung2a,camera:0.5,265,0.368117094039917
rung2a,camera:0.5,266,0.3962250351905823
rung2a,camera:0.5,267,0.5677824020385742
rung2a,camera:0.5,268,0.4022378921508789
rung2a,camera:0.5,269,0.5594115257263184
rung2a,camera:0.5,270,0.6050320863723755
rung2a,camera:0.5,271,0.5296563506126404
rung2a,camera:0.5,272,0.3025074899196625
rung2a,camera:0.5,273,0.32777535915374756
rung2a,camera:0.5,274,0.10105644166469574
rung2a,camera:0.5,275,0.21179640293121338
rung2a,camera:0.5,276,0.5595293641090393
rung2a,camera:0.5,277,0.196626678109169
rung2a,camera:0.5,278,0.1439962536096573
rung2a,camera:0.5,279,0.20419582724571228
rung2a,camera:0.5,280,0.2353755235671997
rung2a,camera:0.5,281,0.16069301962852478
rung2a,camera:0.5,282,0.22839051485061646
rung2a,camera:0.5,283,0.17286629974842072
rung2a,camera:0.5,284,0.12884914875030518
rung2a,camera:0.5,285,0.18732576072216034
rung2a,camera:0.5,286,0.2318558692932129
rung2a,camera:0.5,287,0.3401608467102051
rung2a,camera:0.5,288,0.15659773349761963
rung2a,camera:0.5,289,0.19291654229164124
rung2a,camera:0.5,290,0.1487227976322174
rung2a,camera:0.5,291,0.40763285756111145
rung2a,camera:0.5,292,0.22418047487735748
rung2a,camera:0.5,293,0.17793671786785126
rung2a,camera:0.5,294,0.1435607373714447
rung2a,camera:0.5,295,0.1483830064535141
rung2a,camera:0.5,296,0.14432363212108612
rung2a,camera:0.5,297,0.36278414726257324
rung2a,camera:0.5,298,0.20287510752677917
rung2a,camera:0.5,299,0.35191914439201355
rung2a,camera:0.5,300,0.3083518147468567
rung2a,camera:0.5,301,0.25762709975242615
rung2a,camera:0.5,302,0.36568504571914673
rung2a,camera:0.5,303,0.3677605986595154
rung2a,camera:0.5,304,0.6115735769271851
rung2a,camera:0.5,305,0.3315708637237549
rung2a,camera:0.5,306,0.5962932705879211
rung2a,camera:0.5,307,0.6533573865890503
rung2a,camera:0.5,308,0.8575448989868164
rung2a,camera:0.5,309,1.6972599029541016
rung2a,camera:0.5,310,1.296286702156067
rung2a,camera:0.5,311,1.2799570560455322
rung2a,camera:0.5,312,0.5961554050445557
rung2a,camera:0.5,313,0.7167715430259705
rung2a,camera:0.5,314,0.8707330226898193
rung2a,camera:0.5,315,0.42746102809906006
rung2a,camera:0.5,316,0.5000807642936707
rung2a,camera:0.5,317,0.8552573323249817
rung2a,camera:0.5,318,0.796532154083252
rung2a,camera:0.5,319,0.7633042335510254
rung2a,camera:0.5,320,1.273294448852539
rung2a,camera:0.5,321,0.6686297655105591
rung2a,camera:0.5,322,0.08562556654214859
rung2a,camera:0.5,323,0.11133821308612823
rung2a,camera:0.5,324,0.1218608170747757
rung2a,camera:0.5,325,0.15498366951942444
rung2a,camera:0.5,326,0.1803809106349945
rung2a,camera:0.5,327,0.2164575457572937
rung2a,camera:0.5,328,0.2639790177345276
rung2a,camera:0.5,329,0.28054457902908325
rung2a,camera:0.5,330,0.4431712031364441
rung2a,camera:0.5,331,0.07318072021007538
rung2a,camera:0.5,332,0.0746401771903038
rung2a,camera:0.5,333,0.03519483283162117
rung2a,camera:0.5,334,0.05852125212550163
rung2a,camera:0.5,335,0.13134640455245972
rung2a,camera:0.5,336,0.2586209774017334
rung2a,camera:0.5,337,0.36762669682502747
rung2a,camera:0.5,338,0.47863680124282837
rung2a,camera:0.5,339,0.49914494156837463
rung2a,camera:0.5,340,0.4315401315689087
rung2a,camera:0.5,341,0.3323747515678406
rung2a,camera:0.5,342,1.4237768650054932
rung2a,camera:0.5,343,0.7335354089736938
rung2a,camera:0.5,344,0.34293025732040405
rung2a,camera:0.5,345,0.7720256447792053
rung2a,camera:0.5,346,1.2965317964553833
rung2a,camera:0.5,347,1.5515177249908447
rung2a,camera:0.5,348,1.0426589250564575
rung2a,camera:0.5,349,0.925786018371582
rung2a,camera:0.5,350,0.666696310043335
rung2a,camera:0.5,351,0.5407466888427734
rung2a,camera:0.5,352,0.5312892198562622
rung2a,camera:0.5,353,0.28684550523757935
rung2a,camera:0.5,354,0.2820982336997986
rung2a,camera:0.5,355,0.29407137632369995
rung2a,camera:0.5,356,0.32704299688339233
rung2a,camera:0.5,357,0.5077224373817444
rung2a,camera:0.5,358,0.2107369601726532
rung2a,camera:0.5,359,0.23830604553222656
rung2a,camera:0.5,360,0.3371807038784027
rung2a,camera:0.5,361,0.4890691936016083
rung2a,camera:0.5,362,0.7076415419578552
rung2a,camera:0.5,363,0.6434448957443237
rung2a,camera:0.5,364,0.5226578712463379
rung2a,camera:0.5,365,0.521307647228241
rung2a,camera:0.5,366,0.5390876531600952
rung2a,camera:0.5,367,0.516544759273529
rung2a,camera:0.5,368,0.9972739219665527
rung2a,camera:0.5,369,0.5491440296173096
rung2a,camera:0.5,370,0.7256933450698853
rung2a,camera:0.5,371,0.6868590712547302
rung2a,camera:0.5,372,0.17188379168510437
rung2a,camera:0.5,373,0.5294156074523926
rung2a,camera:0.5,374,0.7475201487541199
rung2a,camera:0.5,375,1.2886756658554077
rung2a,camera:0.5,376,2.1405065059661865
rung2a,camera:0.5,377,2.991718292236328
rung2a,camera:0.5,378,3.815546751022339
rung2a,camera:0.5,379,3.0025954246520996
rung2a,camera:0.5,380,3.2042696475982666
rung2a,camera:0.5,381,0.7132039070129395
rung2a,camera:0.5,382,0.5421931743621826
rung2a,camera:0.5,383,0.35738953948020935
rung2a,camera:0.5,384,0.32378533482551575
rung2a,camera:0.5,385,0.6543773412704468
rung2a,camera:0.5,386,1.0163427591323853
rung2a,camera:0.5,387,0.9408640265464783
rung2a,camera:0.5,388,0.23119327425956726
rung2a,camera:0.5,389,0.22575044631958008
rung2a,camera:0.5,390,0.38062769174575806
rung2a,camera:0.5,391,0.6190053820610046
rung2a,camera:0.5,392,0.6214075684547424
rung2a,camera:0.5,393,0.7642519474029541
rung2a,camera:0.5,394,0.26175457239151
rung2a,camera:0.5,395,0.17331448197364807
rung2a,camera:0.5,396,0.2363000065088272
rung2a,camera:0.5,397,1.1649024486541748
rung2a,camera:0.5,398,0.6807388663291931
rung2a,camera:0.5,399,0.4861769676208496
rung2a,camera:0.5,400,0.32296332716941833
rung2a,camera:0.5,401,0.5283516645431519
rung2a,camera:0.5,402,0.22260452806949615
rung2a,camera:0.5,403,0.3186478614807129
rung2a,camera:0.5,404,0.1639757752418518
rung2a,camera:0.5,405,0.4292890429496765
rung2a,camera:0.5,406,0.4372580051422119
rung2a,camera:0.5,407,0.3128320276737213
rung2a,camera:0.5,408,0.29999133944511414
rung2a,camera:0.5,409,0.5923304557800293
rung2a,camera:0.5,410,1.1733434200286865
rung2a,camera:0.5,411,0.6699376106262207
rung2a,camera:0.5,412,0.17989879846572876
rung2a,camera:0.5,413,0.25486016273498535
rung2a,camera:0.5,414,0.14403405785560608
rung2a,camera:0.5,415,0.45213279128074646
rung2a,camera:0.5,416,0.26475250720977783
rung2a,camera:0.5,417,0.15221387147903442
rung2a,camera:0.5,418,0.14614664018154144
rung2a,camera:0.5,419,0.29316043853759766
rung2a,camera:0.5,420,0.30243980884552
rung2a,camera:0.5,421,0.16367454826831818
rung2a,camera:0.5,422,0.21035045385360718
rung2a,camera:0.5,423,0.6424228549003601
rung2a,camera:0.5,424,0.43096381425857544
rung2a,camera:0.5,425,0.1709648221731186
rung2a,camera:0.5,426,0.20619899034500122
rung2a,camera:0.5,427,0.2811838984489441
rung2a,camera:0.5,428,0.5997006893157959
rung2a,camera:0.5,429,0.14139586687088013
rung2a,camera:0.5,430,0.34581458568573
rung2a,camera:0.5,431,0.15376843512058258
rung2a,camera:0.5,432,0.19628897309303284
rung2a,camera:0.5,433,0.1954585164785385
rung2a,camera:0.5,434,0.5133048295974731
rung2a,camera:0.5,435,0.24848204851150513
rung2a,camera:0.5,436,0.16481992602348328
rung2a,camera:0.5,437,0.1736707240343094
rung2a,camera:0.5,438,0.2617200016975403
rung2a,camera:0.5,439,0.4316265285015106
rung2a,camera:0.5,440,0.14264537394046783
rung2a,camera:0.5,441,0.2932664752006531
rung2a,camera:0.5,442,0.24498973786830902
rung2a,camera:0.5,443,0.38686585426330566
rung2a,camera:0.5,444,0.1388353854417801
rung2a,camera:0.5,445,0.3894335925579071
rung2a,camera:0.5,446,0.2648208737373352
rung2a,camera:0.5,447,0.22231660783290863
rung2a,camera:0.5,448,0.2081044763326645
rung2a,camera:0.5,449,0.20850643515586853
rung2a,camera:0.5,450,0.3211628496646881
rung2a,camera:0.5,451,0.7147377729415894
rung2a,camera:0.5,452,0.26258087158203125
rung2a,camera:0.5,453,0.1984938085079193
rung2a,camera:0.5,454,0.20879435539245605
rung2a,camera:0.5,455,0.25890201330184937
rung2a,camera:0.5,456,0.6557424068450928
rung2a,camera:0.5,457,0.7364413142204285
rung2a,camera:0.5,458,0.9539910554885864
rung2a,camera:0.5,459,2.261763095855713
rung2a,camera:0.5,460,1.6307921409606934
rung2a,camera:0.5,461,0.8442652821540833
rung2a,camera:0.5,462,0.4109955132007599
rung2a,camera:0.5,463,0.6023814678192139
rung2a,camera:0.5,464,0.7232630252838135
rung2a,camera:0.5,465,0.6814141273498535
rung2a,camera:0.5,466,0.6101270318031311
rung2a,camera:0.5,467,0.45508888363838196
rung2a,camera:0.5,468,0.5534811615943909
rung2a,camera:0.5,469,0.866428792476654
rung2a,camera:0.5,470,0.5696027278900146
rung2a,camera:0.5,471,0.4557546377182007
rung2a,camera:0.5,472,0.23354434967041016
rung2a,camera:0.5,473,0.06709850579500198
rung2a,camera:0.5,474,0.08612366765737534
rung2a,camera:0.5,475,0.06305691599845886
rung2a,camera:0.5,476,0.05630258470773697
rung2a,camera:0.5,477,0.06434259563684464
rung2a,camera:0.5,478,0.05204883962869644
rung2a,camera:0.5,479,0.06857610493898392
rung2a,camera:1.0,0,0.9836341738700867
rung2a,camera:1.0,1,0.6638206839561462
rung2a,camera:1.0,2,0.4083077311515808
rung2a,camera:1.0,3,0.22369384765625
rung2a,camera:1.0,4,0.2303214967250824
rung2a,camera:1.0,5,0.18927355110645294
rung2a,camera:1.0,6,0.5367252826690674
rung2a,camera:1.0,7,0.26993000507354736
rung2a,camera:1.0,8,0.30285555124282837
rung2a,camera:1.0,9,0.3828775882720947
rung2a,camera:1.0,10,1.0517902374267578
rung2a,camera:1.0,11,0.16089436411857605
rung2a,camera:1.0,12,0.1737504005432129
rung2a,camera:1.0,13,0.11596537381410599
rung2a,camera:1.0,14,0.10178147256374359
rung2a,camera:1.0,15,0.13398578763008118
rung2a,camera:1.0,16,0.3225189447402954
rung2a,camera:1.0,17,0.23286086320877075
rung2a,camera:1.0,18,0.1608956754207611
rung2a,camera:1.0,19,0.14712782204151154
rung2a,camera:1.0,20,0.4409303665161133
rung2a,camera:1.0,21,0.24366427958011627
rung2a,camera:1.0,22,0.12533779442310333
rung2a,camera:1.0,23,0.13106444478034973
rung2a,camera:1.0,24,0.33817291259765625
rung2a,camera:1.0,25,0.14308525621891022
rung2a,camera:1.0,26,0.1111210510134697
rung2a,camera:1.0,27,0.17240986227989197
rung2a,camera:1.0,28,0.24989518523216248
rung2a,camera:1.0,29,0.22256511449813843
rung2a,camera:1.0,30,0.1613989770412445
rung2a,camera:1.0,31,0.13829126954078674
rung2a,camera:1.0,32,0.22242404520511627
rung2a,camera:1.0,33,0.3124803602695465
rung2a,camera:1.0,34,0.1394696682691574
rung2a,camera:1.0,35,0.1424226611852646
rung2a,camera:1.0,36,0.21398785710334778
rung2a,camera:1.0,37,0.42940324544906616
rung2a,camera:1.0,38,0.2322113960981369
rung2a,camera:1.0,39,0.13740898668766022
rung2a,camera:1.0,40,0.15033169090747833
rung2a,camera:1.0,41,0.4505026638507843
rung2a,camera:1.0,42,0.2948499917984009
rung2a,camera:1.0,43,0.14154793322086334
rung2a,camera:1.0,44,0.199099600315094
rung2a,camera:1.0,45,0.3381345272064209
rung2a,camera:1.0,46,0.21476048231124878
rung2a,camera:1.0,47,0.13928818702697754
rung2a,camera:1.0,48,0.2837064564228058
rung2a,camera:1.0,49,0.4489229917526245
rung2a,camera:1.0,50,0.6627821326255798
rung2a,camera:1.0,51,0.9540099501609802
rung2a,camera:1.0,52,1.0356526374816895
rung2a,camera:1.0,53,0.9236642122268677
rung2a,camera:1.0,54,0.6765252947807312
rung2a,camera:1.0,55,0.6772127747535706
rung2a,camera:1.0,56,1.0641391277313232
rung2a,camera:1.0,57,1.1058554649353027
rung2a,camera:1.0,58,1.5631296634674072
rung2a,camera:1.0,59,1.0462806224822998
rung2a,camera:1.0,60,0.686626672744751
rung2a,camera:1.0,61,1.1749567985534668
rung2a,camera:1.0,62,0.2949281632900238
rung2a,camera:1.0,63,0.4801828861236572
rung2a,camera:1.0,64,0.9553282856941223
rung2a,camera:1.0,65,1.3806337118148804
rung2a,camera:1.0,66,2.004664897918701
rung2a,camera:1.0,67,2.235079765319824
rung2a,camera:1.0,68,2.878336191177368
rung2a,camera:1.0,69,3.8056342601776123
rung2a,camera:1.0,70,4.5567498207092285
rung2a,camera:1.0,71,0.8648653626441956
rung2a,camera:1.0,72,0.6960628032684326
rung2a,camera:1.0,73,0.35414883494377136
rung2a,camera:1.0,74,0.4467146098613739
rung2a,camera:1.0,75,0.2680460810661316
rung2a,camera:1.0,76,0.11071117222309113
rung2a,camera:1.0,77,0.08938448876142502
rung2a,camera:1.0,78,0.299172580242157
rung2a,camera:1.0,79,0.16100919246673584
rung2a,camera:1.0,80,0.24211052060127258
rung2a,camera:1.0,81,0.2789437472820282
rung2a,camera:1.0,82,0.5817041397094727
rung2a,camera:1.0,83,0.7618187665939331
rung2a,camera:1.0,84,0.6345622539520264
rung2a,camera:1.0,85,0.4324481785297394
rung2a,camera:1.0,86,0.6867344379425049
rung2a,camera:1.0,87,0.8103529214859009
rung2a,camera:1.0,88,0.8991456031799316
rung2a,camera:1.0,89,0.7210811376571655
rung2a,camera:1.0,90,0.5170486569404602
rung2a,camera:1.0,91,0.600704550743103
rung2a,camera:1.0,92,0.4351806938648224
rung2a,camera:1.0,93,0.2764923870563507
rung2a,camera:1.0,94,0.39907413721084595
rung2a,camera:1.0,95,0.5552826523780823
rung2a,camera:1.0,96,0.20107044279575348
rung2a,camera:1.0,97,0.10299316048622131
rung2a,camera:1.0,98,0.1173507422208786
rung2a,camera:1.0,99,0.2517015039920807
rung2a,camera:1.0,100,0.0870283767580986
rung2a,camera:1.0,101,0.24949443340301514
rung2a,camera:1.0,102,0.08150520920753479
rung2a,camera:1.0,103,0.324481725692749
rung2a,camera:1.0,104,0.08062618970870972
rung2a,camera:1.0,105,0.19254064559936523
rung2a,camera:1.0,106,0.09882526844739914
rung2a,camera:1.0,107,0.47540178894996643
rung2a,camera:1.0,108,0.18968644738197327
rung2a,camera:1.0,109,0.15866008400917053
rung2a,camera:1.0,110,0.09823457151651382
rung2a,camera:1.0,111,0.27419689297676086
rung2a,camera:1.0,112,0.1493934988975525
rung2a,camera:1.0,113,0.11763226985931396
rung2a,camera:1.0,114,0.16791470348834991
rung2a,camera:1.0,115,0.194147527217865
rung2a,camera:1.0,116,0.24245697259902954
rung2a,camera:1.0,117,0.12425585091114044
rung2a,camera:1.0,118,0.1594861000776291
rung2a,camera:1.0,119,0.18456855416297913
rung2a,camera:1.0,120,0.34116387367248535
rung2a,camera:1.0,121,0.18456284701824188
rung2a,camera:1.0,122,0.20331311225891113
rung2a,camera:1.0,123,0.21898707747459412
rung2a,camera:1.0,124,0.3816898465156555
rung2a,camera:1.0,125,0.23931796848773956
rung2a,camera:1.0,126,0.23814240097999573
rung2a,camera:1.0,127,0.17432188987731934
rung2a,camera:1.0,128,0.2803163528442383
rung2a,camera:1.0,129,0.16648320853710175
rung2a,camera:1.0,130,0.2149209976196289
rung2a,camera:1.0,131,0.24727030098438263
rung2a,camera:1.0,132,0.2136860340833664
rung2a,camera:1.0,133,0.2910774350166321
rung2a,camera:1.0,134,0.2328375279903412
rung2a,camera:1.0,135,0.2762882113456726
rung2a,camera:1.0,136,0.4148181676864624
rung2a,camera:1.0,137,0.4081338047981262
rung2a,camera:1.0,138,0.13929975032806396
rung2a,camera:1.0,139,0.27334970235824585
rung2a,camera:1.0,140,0.2938980460166931
rung2a,camera:1.0,141,0.5544967651367188
rung2a,camera:1.0,142,0.12902790307998657
rung2a,camera:1.0,143,0.15787319839000702
rung2a,camera:1.0,144,0.1608041226863861
rung2a,camera:1.0,145,0.25315767526626587
rung2a,camera:1.0,146,0.20479053258895874
rung2a,camera:1.0,147,0.14875400066375732
rung2a,camera:1.0,148,0.15408438444137573
rung2a,camera:1.0,149,0.3210706412792206
rung2a,camera:1.0,150,0.32525283098220825
rung2a,camera:1.0,151,0.12444283068180084
rung2a,camera:1.0,152,0.15122655034065247
rung2a,camera:1.0,153,0.4502609074115753
rung2a,camera:1.0,154,0.34078043699264526
rung2a,camera:1.0,155,0.8288241028785706
rung2a,camera:1.0,156,0.6547173261642456
rung2a,camera:1.0,157,0.8912681341171265
rung2a,camera:1.0,158,0.6155306696891785
rung2a,camera:1.0,159,0.5519777536392212
rung2a,camera:1.0,160,1.0003374814987183
rung2a,camera:1.0,161,1.2677745819091797
rung2a,camera:1.0,162,1.5395195484161377
rung2a,camera:1.0,163,0.829430103302002
rung2a,camera:1.0,164,0.40673941373825073
rung2a,camera:1.0,165,0.38933926820755005
rung2a,camera:1.0,166,0.21476313471794128
rung2a,camera:1.0,167,0.2108456790447235
rung2a,camera:1.0,168,0.28430119156837463
rung2a,camera:1.0,169,0.4682345986366272
rung2a,camera:1.0,170,0.7952274084091187
rung2a,camera:1.0,171,0.5436180233955383
rung2a,camera:1.0,172,0.724877655506134
rung2a,camera:1.0,173,0.19879207015037537
rung2a,camera:1.0,174,0.14321942627429962
rung2a,camera:1.0,175,0.9933140277862549
rung2a,camera:1.0,176,1.3346132040023804
rung2a,camera:1.0,177,0.3733557164669037
rung2a,camera:1.0,178,0.7927852869033813
rung2a,camera:1.0,179,0.752352237701416
rung2a,camera:1.0,180,0.23756101727485657
rung2a,camera:1.0,181,0.17991381883621216
rung2a,camera:1.0,182,0.47510844469070435
rung2a,camera:1.0,183,0.674915075302124
rung2a,camera:1.0,184,0.3065922260284424
rung2a,camera:1.0,185,0.20567625761032104
rung2a,camera:1.0,186,0.8533377051353455
rung2a,camera:1.0,187,0.20220181345939636
rung2a,camera:1.0,188,0.4059981107711792
rung2a,camera:1.0,189,0.44794756174087524
rung2a,camera:1.0,190,0.4684697985649109
rung2a,camera:1.0,191,0.5649142265319824
rung2a,camera:1.0,192,0.6052697896957397
rung2a,camera:1.0,193,0.5082497596740723
rung2a,camera:1.0,194,0.36245235800743103
rung2a,camera:1.0,195,0.2632604241371155
rung2a,camera:1.0,196,0.2118450105190277
rung2a,camera:1.0,197,0.4774036705493927
rung2a,camera:1.0,198,0.27835744619369507
rung2a,camera:1.0,199,0.44312262535095215
rung2a,camera:1.0,200,0.3865731358528137
rung2a,camera:1.0,201,0.21325922012329102
rung2a,camera:1.0,202,0.2150203287601471
rung2a,camera:1.0,203,0.2739371955394745
rung2a,camera:1.0,204,0.4648829996585846
rung2a,camera:1.0,205,0.6934807300567627
rung2a,camera:1.0,206,0.8210561871528625
rung2a,camera:1.0,207,0.7763029336929321
rung2a,camera:1.0,208,0.45875656604766846
rung2a,camera:1.0,209,0.8839665055274963
rung2a,camera:1.0,210,0.7790977358818054
rung2a,camera:1.0,211,1.9509186744689941
rung2a,camera:1.0,212,2.6763663291931152
rung2a,camera:1.0,213,2.842742443084717
rung2a,camera:1.0,214,1.910041093826294
rung2a,camera:1.0,215,1.397139072418213
rung2a,camera:1.0,216,1.8610007762908936
rung2a,camera:1.0,217,0.6691272854804993
rung2a,camera:1.0,218,0.715812087059021
rung2a,camera:1.0,219,0.19615215063095093
rung2a,camera:1.0,220,0.3283989131450653
rung2a,camera:1.0,221,0.5811819434165955
rung2a,camera:1.0,222,0.8416234254837036
rung2a,camera:1.0,223,0.2963172197341919
rung2a,camera:1.0,224,0.3073326647281647
rung2a,camera:1.0,225,0.28096163272857666
rung2a,camera:1.0,226,0.5028910040855408
rung2a,camera:1.0,227,0.6505348086357117
rung2a,camera:1.0,228,0.732577383518219
rung2a,camera:1.0,229,0.4950563907623291
rung2a,camera:1.0,230,0.5935587882995605
rung2a,camera:1.0,231,0.636513888835907
rung2a,camera:1.0,232,0.9526672959327698
rung2a,camera:1.0,233,0.6332236528396606
rung2a,camera:1.0,234,0.8298966884613037
rung2a,camera:1.0,235,0.5005635023117065
rung2a,camera:1.0,236,1.0378532409667969
rung2a,camera:1.0,237,0.9181153178215027
rung2a,camera:1.0,238,0.17975887656211853
rung2a,camera:1.0,239,0.846729040145874
rung2a,camera:1.0,240,1.1820508241653442
rung2a,camera:1.0,241,0.25785693526268005
rung2a,camera:1.0,242,0.1835089921951294
rung2a,camera:1.0,243,0.12674757838249207
rung2a,camera:1.0,244,0.5230709314346313
rung2a,camera:1.0,245,0.06911563873291016
rung2a,camera:1.0,246,0.2066303938627243
rung2a,camera:1.0,247,0.15323969721794128
rung2a,camera:1.0,248,0.164370596408844
rung2a,camera:1.0,249,0.2221083641052246
rung2a,camera:1.0,250,0.2748222351074219
rung2a,camera:1.0,251,0.26175540685653687
rung2a,camera:1.0,252,0.18422697484493256
rung2a,camera:1.0,253,0.15918698906898499
rung2a,camera:1.0,254,0.950597882270813
rung2a,camera:1.0,255,0.6974607110023499
rung2a,camera:1.0,256,0.9333112835884094
rung2a,camera:1.0,257,0.6266580820083618
rung2a,camera:1.0,258,0.33884450793266296
rung2a,camera:1.0,259,0.4532134532928467
rung2a,camera:1.0,260,0.5408086776733398
rung2a,camera:1.0,261,0.27016860246658325
rung2a,camera:1.0,262,1.0546966791152954
rung2a,camera:1.0,263,1.5513988733291626
rung2a,camera:1.0,264,1.050675868988037
rung2a,camera:1.0,265,1.341718077659607
rung2a,camera:1.0,266,0.37555742263793945
rung2a,camera:1.0,267,0.6591507196426392
rung2a,camera:1.0,268,0.42878103256225586
rung2a,camera:1.0,269,0.6129779815673828
rung2a,camera:1.0,270,0.9151806831359863
rung2a,camera:1.0,271,0.8791458606719971
rung2a,camera:1.0,272,3.5860438346862793
rung2a,camera:1.0,273,0.7365809679031372
rung2a,camera:1.0,274,0.5963459610939026
rung2a,camera:1.0,275,0.45614534616470337
rung2a,camera:1.0,276,1.4293478727340698
rung2a,camera:1.0,277,1.2582762241363525
rung2a,camera:1.0,278,1.0718019008636475
rung2a,camera:1.0,279,0.6041800379753113
rung2a,camera:1.0,280,1.233572244644165
rung2a,camera:1.0,281,0.5559104681015015
rung2a,camera:1.0,282,0.13007867336273193
rung2a,camera:1.0,283,0.1127556711435318
rung2a,camera:1.0,284,0.3618128299713135
rung2a,camera:1.0,285,0.3994024991989136
rung2a,camera:1.0,286,0.30039066076278687
rung2a,camera:1.0,287,0.25008994340896606
rung2a,camera:1.0,288,0.855890154838562
rung2a,camera:1.0,289,0.6624523401260376
rung2a,camera:1.0,290,0.22897237539291382
rung2a,camera:1.0,291,0.15820731222629547
rung2a,camera:1.0,292,0.18234100937843323
rung2a,camera:1.0,293,0.3845506012439728
rung2a,camera:1.0,294,0.34695154428482056
rung2a,camera:1.0,295,0.21315477788448334
rung2a,camera:1.0,296,0.5645289421081543
rung2a,camera:1.0,297,0.8259219527244568
rung2a,camera:1.0,298,0.618643581867218
rung2a,camera:1.0,299,0.16031479835510254
rung2a,camera:1.0,300,0.2342030107975006
rung2a,camera:1.0,301,0.7314218282699585
rung2a,camera:1.0,302,0.2916678190231323
rung2a,camera:1.0,303,0.5442032814025879
rung2a,camera:1.0,304,0.09868761897087097
rung2a,camera:1.0,305,0.14353710412979126
rung2a,camera:1.0,306,0.8673754930496216
rung2a,camera:1.0,307,0.7164943814277649
rung2a,camera:1.0,308,0.7543387413024902
rung2a,camera:1.0,309,1.0051878690719604
rung2a,camera:1.0,310,0.7411043047904968
rung2a,camera:1.0,311,1.4402869939804077
rung2a,camera:1.0,312,0.6734943985939026
rung2a,camera:1.0,313,0.7549983263015747
rung2a,camera:1.0,314,0.7051785588264465
rung2a,camera:1.0,315,0.4263230860233307
rung2a,camera:1.0,316,0.4665962755680084
rung2a,camera:1.0,317,0.7516599297523499
rung2a,camera:1.0,318,0.86553955078125
rung2a,camera:1.0,319,0.8502254486083984
rung2a,camera:1.0,320,0.9895949363708496
rung2a,camera:1.0,321,0.5439902544021606
rung2a,camera:1.0,322,0.06648258864879608
rung2a,camera:1.0,323,0.09389903396368027
rung2a,camera:1.0,324,0.144271120429039
rung2a,camera:1.0,325,0.15411965548992157
rung2a,camera:1.0,326,0.18610933423042297
rung2a,camera:1.0,327,0.20411249995231628
rung2a,camera:1.0,328,0.22576022148132324
rung2a,camera:1.0,329,0.25342440605163574
rung2a,camera:1.0,330,1.0324223041534424
rung2a,camera:1.0,331,0.053883474320173264
rung2a,camera:1.0,332,0.06444256752729416
rung2a,camera:1.0,333,0.04462462663650513
rung2a,camera:1.0,334,0.040987834334373474
rung2a,camera:1.0,335,0.12789955735206604
rung2a,camera:1.0,336,0.2558043301105499
rung2a,camera:1.0,337,0.3571837246417999
rung2a,camera:1.0,338,0.41783663630485535
rung2a,camera:1.0,339,0.22076335549354553
rung2a,camera:1.0,340,0.408779114484787
rung2a,camera:1.0,341,1.755783200263977
rung2a,camera:1.0,342,2.2675206661224365
rung2a,camera:1.0,343,2.0646004676818848
rung2a,camera:1.0,344,0.3357667326927185
rung2a,camera:1.0,345,0.7625665664672852
rung2a,camera:1.0,346,1.2894258499145508
rung2a,camera:1.0,347,1.870961308479309
rung2a,camera:1.0,348,0.9204336404800415
rung2a,camera:1.0,349,0.8157869577407837
rung2a,camera:1.0,350,0.722428560256958
rung2a,camera:1.0,351,0.5234864950180054
rung2a,camera:1.0,352,0.5833455324172974
rung2a,camera:1.0,353,0.35053038597106934
rung2a,camera:1.0,354,0.6843554973602295
rung2a,camera:1.0,355,0.3119109272956848
rung2a,camera:1.0,356,0.3760959208011627
rung2a,camera:1.0,357,0.5387088060379028
rung2a,camera:1.0,358,0.18278005719184875
rung2a,camera:1.0,359,0.6747218370437622
rung2a,camera:1.0,360,1.020270586013794
rung2a,camera:1.0,361,1.1001523733139038
rung2a,camera:1.0,362,1.010310411453247
rung2a,camera:1.0,363,0.6706274151802063
rung2a,camera:1.0,364,0.7229828834533691
rung2a,camera:1.0,365,0.7401946783065796
rung2a,camera:1.0,366,0.9281221628189087
rung2a,camera:1.0,367,0.5609530806541443
rung2a,camera:1.0,368,1.2798681259155273
rung2a,camera:1.0,369,0.5804266929626465
rung2a,camera:1.0,370,1.2035481929779053
rung2a,camera:1.0,371,1.5276784896850586
rung2a,camera:1.0,372,0.6384387612342834
rung2a,camera:1.0,373,0.6095746755599976
rung2a,camera:1.0,374,0.756011426448822
rung2a,camera:1.0,375,1.1856244802474976
rung2a,camera:1.0,376,2.0707147121429443
rung2a,camera:1.0,377,2.499645471572876
rung2a,camera:1.0,378,2.428321599960327
rung2a,camera:1.0,379,2.15012788772583
rung2a,camera:1.0,380,2.176684856414795
rung2a,camera:1.0,381,1.1531692743301392
rung2a,camera:1.0,382,1.0278650522232056
rung2a,camera:1.0,383,0.9188107252120972
rung2a,camera:1.0,384,0.5789425373077393
rung2a,camera:1.0,385,0.9060653448104858
rung2a,camera:1.0,386,1.155211091041565
rung2a,camera:1.0,387,1.5256646871566772
rung2a,camera:1.0,388,0.48575419187545776
rung2a,camera:1.0,389,0.9618778228759766
rung2a,camera:1.0,390,0.8975836038589478
rung2a,camera:1.0,391,1.189643144607544
rung2a,camera:1.0,392,0.8221963047981262
rung2a,camera:1.0,393,0.7916460037231445
rung2a,camera:1.0,394,0.4414156973361969
rung2a,camera:1.0,395,0.12651102244853973
rung2a,camera:1.0,396,0.47284162044525146
rung2a,camera:1.0,397,0.3235352635383606
rung2a,camera:1.0,398,0.10846063494682312
rung2a,camera:1.0,399,0.1656186431646347
rung2a,camera:1.0,400,0.2114778310060501
rung2a,camera:1.0,401,0.2826964259147644
rung2a,camera:1.0,402,0.5301361083984375
rung2a,camera:1.0,403,0.568095326423645
rung2a,camera:1.0,404,0.18742139637470245
rung2a,camera:1.0,405,0.6243851780891418
rung2a,camera:1.0,406,0.8337482213973999
rung2a,camera:1.0,407,0.3805083930492401
rung2a,camera:1.0,408,0.33323392271995544
rung2a,camera:1.0,409,0.6303873658180237
rung2a,camera:1.0,410,0.723171591758728
rung2a,camera:1.0,411,0.9428097605705261
rung2a,camera:1.0,412,0.1970708817243576
rung2a,camera:1.0,413,0.22770674526691437
rung2a,camera:1.0,414,0.29599201679229736
rung2a,camera:1.0,415,0.5347979068756104
rung2a,camera:1.0,416,0.3004830479621887
rung2a,camera:1.0,417,0.1286672055721283
rung2a,camera:1.0,418,0.17566533386707306
rung2a,camera:1.0,419,0.5408573150634766
rung2a,camera:1.0,420,0.3193327784538269
rung2a,camera:1.0,421,0.1486225426197052
rung2a,camera:1.0,422,0.20085346698760986
rung2a,camera:1.0,423,0.8100106716156006
rung2a,camera:1.0,424,0.6592042446136475
rung2a,camera:1.0,425,0.18245849013328552
rung2a,camera:1.0,426,0.23920516669750214
rung2a,camera:1.0,427,0.17528432607650757
rung2a,camera:1.0,428,0.7763794660568237
rung2a,camera:1.0,429,0.1297084391117096
rung2a,camera:1.0,430,0.24627310037612915
rung2a,camera:1.0,431,0.19139832258224487
rung2a,camera:1.0,432,0.2844722867012024
rung2a,camera:1.0,433,0.19551002979278564
rung2a,camera:1.0,434,0.5275431871414185
rung2a,camera:1.0,435,0.17164024710655212
rung2a,camera:1.0,436,0.41053009033203125
rung2a,camera:1.0,437,0.1426609605550766
rung2a,camera:1.0,438,0.3062202036380768
rung2a,camera:1.0,439,0.34461379051208496
rung2a,camera:1.0,440,0.2043246328830719
rung2a,camera:1.0,441,0.2497820258140564
rung2a,camera:1.0,442,0.32320693135261536
rung2a,camera:1.0,443,0.2547518014907837
rung2a,camera:1.0,444,0.3799281120300293
rung2a,camera:1.0,445,0.41966116428375244
rung2a,camera:1.0,446,0.36522814631462097
rung2a,camera:1.0,447,0.23523259162902832
rung2a,camera:1.0,448,0.31325092911720276
rung2a,camera:1.0,449,0.20207904279232025
rung2a,camera:1.0,450,0.5963467955589294
rung2a,camera:1.0,451,0.6067684888839722
rung2a,camera:1.0,452,0.14189115166664124
rung2a,camera:1.0,453,0.1955631673336029
rung2a,camera:1.0,454,0.18923696875572205
rung2a,camera:1.0,455,0.2387738674879074
rung2a,camera:1.0,456,0.5472999811172485
rung2a,camera:1.0,457,0.6781436800956726
rung2a,camera:1.0,458,1.1627874374389648
rung2a,camera:1.0,459,2.1215977668762207
rung2a,camera:1.0,460,1.8090970516204834
rung2a,camera:1.0,461,0.6930750608444214
rung2a,camera:1.0,462,0.35527706146240234
rung2a,camera:1.0,463,0.470875084400177
rung2a,camera:1.0,464,0.5833501815795898
rung2a,camera:1.0,465,0.6555525064468384
rung2a,camera:1.0,466,0.5935726761817932
rung2a,camera:1.0,467,0.44308575987815857
rung2a,camera:1.0,468,0.6579269766807556
rung2a,camera:1.0,469,1.0311036109924316
rung2a,camera:1.0,470,0.9396745562553406
rung2a,camera:1.0,471,0.5301097631454468
rung2a,camera:1.0,472,0.5153663754463196
rung2a,camera:1.0,473,0.04547954350709915
rung2a,camera:1.0,474,0.0676615834236145
rung2a,camera:1.0,475,0.04184151440858841
rung2a,camera:1.0,476,0.045976679772138596
rung2a,camera:1.0,477,0.054039329290390015
rung2a,camera:1.0,478,0.039831385016441345
rung2a,camera:1.0,479,0.0523407869040966
rung2a,lidar:0.5,0,0.8325343132019043
rung2a,lidar:0.5,1,0.666627049446106
rung2a,lidar:0.5,2,0.6861210465431213
rung2a,lidar:0.5,3,0.2928435802459717
rung2a,lidar:0.5,4,0.19192519783973694
rung2a,lidar:0.5,5,0.3568703830242157
rung2a,lidar:0.5,6,0.3100789189338684
rung2a,lidar:0.5,7,0.29360005259513855
rung2a,lidar:0.5,8,0.44507938623428345
rung2a,lidar:0.5,9,0.7936891913414001
rung2a,lidar:0.5,10,0.2133072167634964
rung2a,lidar:0.5,11,0.1956673264503479
rung2a,lidar:0.5,12,0.2512156367301941
rung2a,lidar:0.5,13,0.08444175124168396
rung2a,lidar:0.5,14,0.19626830518245697
rung2a,lidar:0.5,15,0.13224510848522186
rung2a,lidar:0.5,16,0.16839280724525452
rung2a,lidar:0.5,17,0.09944017976522446
rung2a,lidar:0.5,18,0.1353445053100586
rung2a,lidar:0.5,19,0.12887722253799438
rung2a,lidar:0.5,20,0.23903433978557587
rung2a,lidar:0.5,21,0.09631586074829102
rung2a,lidar:0.5,22,0.16073265671730042
rung2a,lidar:0.5,23,0.13525840640068054
rung2a,lidar:0.5,24,0.1503283977508545
rung2a,lidar:0.5,25,0.12889158725738525
rung2a,lidar:0.5,26,0.1624433696269989
rung2a,lidar:0.5,27,0.23110707104206085
rung2a,lidar:0.5,28,0.1527334451675415
rung2a,lidar:0.5,29,0.15469996631145477
rung2a,lidar:0.5,30,0.12971456348896027
rung2a,lidar:0.5,31,0.15792521834373474
rung2a,lidar:0.5,32,0.12821058928966522
rung2a,lidar:0.5,33,0.13450197875499725
rung2a,lidar:0.5,34,0.0713813304901123
rung2a,lidar:0.5,35,0.12022756785154343
rung2a,lidar:0.5,36,0.11956311762332916
rung2a,lidar:0.5,37,0.32386428117752075
rung2a,lidar:0.5,38,0.11476510018110275
rung2a,lidar:0.5,39,0.09664358198642731
rung2a,lidar:0.5,40,0.11856047809123993
rung2a,lidar:0.5,41,0.2504865527153015
rung2a,lidar:0.5,42,0.08176253736019135
rung2a,lidar:0.5,43,0.07662302255630493
rung2a,lidar:0.5,44,0.15786723792552948
rung2a,lidar:0.5,45,0.26792046427726746
rung2a,lidar:0.5,46,0.09862305223941803
rung2a,lidar:0.5,47,0.2212381362915039
rung2a,lidar:0.5,48,0.2912256419658661
rung2a,lidar:0.5,49,0.46402454376220703
rung2a,lidar:0.5,50,0.6652013659477234
rung2a,lidar:0.5,51,1.0633364915847778
rung2a,lidar:0.5,52,1.2425508499145508
rung2a,lidar:0.5,53,0.8924804925918579
rung2a,lidar:0.5,54,0.7118576765060425
rung2a,lidar:0.5,55,0.6760625839233398
rung2a,lidar:0.5,56,1.1344047784805298
rung2a,lidar:0.5,57,1.4666820764541626
rung2a,lidar:0.5,58,1.6923253536224365
rung2a,lidar:0.5,59,1.9390202760696411
rung2a,lidar:0.5,60,1.5073051452636719
rung2a,lidar:0.5,61,2.319765567779541
rung2a,lidar:0.5,62,0.346036821603775
rung2a,lidar:0.5,63,0.5075699090957642
rung2a,lidar:0.5,64,0.8053333163261414
rung2a,lidar:0.5,65,1.2256007194519043
rung2a,lidar:0.5,66,1.4385489225387573
rung2a,lidar:0.5,67,1.043036937713623
rung2a,lidar:0.5,68,0.6830943822860718
rung2a,lidar:0.5,69,1.105817198753357
rung2a,lidar:0.5,70,0.3924732804298401
rung2a,lidar:0.5,71,0.7203935384750366
rung2a,lidar:0.5,72,0.7520865201950073
rung2a,lidar:0.5,73,0.4166833162307739
rung2a,lidar:0.5,74,0.3823282718658447
rung2a,lidar:0.5,75,0.2929963171482086
rung2a,lidar:0.5,76,0.2127247303724289
rung2a,lidar:0.5,77,0.13192996382713318
rung2a,lidar:0.5,78,0.36138710379600525
rung2a,lidar:0.5,79,0.24273990094661713
rung2a,lidar:0.5,80,0.1888318657875061
rung2a,lidar:0.5,81,0.2793792486190796
rung2a,lidar:0.5,82,0.6575948596000671
rung2a,lidar:0.5,83,0.7914670705795288
rung2a,lidar:0.5,84,0.6368067264556885
rung2a,lidar:0.5,85,0.6577993035316467
rung2a,lidar:0.5,86,1.0474181175231934
rung2a,lidar:0.5,87,0.8818992376327515
rung2a,lidar:0.5,88,0.6756086349487305
rung2a,lidar:0.5,89,0.5088891386985779
rung2a,lidar:0.5,90,0.5224777460098267
rung2a,lidar:0.5,91,0.5082184076309204
rung2a,lidar:0.5,92,0.4108997583389282
rung2a,lidar:0.5,93,0.2099049687385559
rung2a,lidar:0.5,94,0.3023483157157898
rung2a,lidar:0.5,95,0.4119415879249573
rung2a,lidar:0.5,96,0.12710732221603394
rung2a,lidar:0.5,97,0.11504039168357849
rung2a,lidar:0.5,98,0.1617618352174759
rung2a,lidar:0.5,99,0.24976128339767456
rung2a,lidar:0.5,100,0.11249943822622299
rung2a,lidar:0.5,101,0.32630136609077454
rung2a,lidar:0.5,102,0.20766639709472656
rung2a,lidar:0.5,103,0.17970864474773407
rung2a,lidar:0.5,104,0.08790799230337143
rung2a,lidar:0.5,105,0.30584949254989624
rung2a,lidar:0.5,106,0.1376000940799713
rung2a,lidar:0.5,107,0.24040314555168152
rung2a,lidar:0.5,108,0.13185521960258484
rung2a,lidar:0.5,109,0.17881903052330017
rung2a,lidar:0.5,110,0.10462900996208191
rung2a,lidar:0.5,111,0.19619162380695343
rung2a,lidar:0.5,112,0.09696322679519653
rung2a,lidar:0.5,113,0.16673561930656433
rung2a,lidar:0.5,114,0.15819525718688965
rung2a,lidar:0.5,115,0.13454869389533997
rung2a,lidar:0.5,116,0.24112604558467865
rung2a,lidar:0.5,117,0.12969347834587097
rung2a,lidar:0.5,118,0.175593763589859
rung2a,lidar:0.5,119,0.17926305532455444
rung2a,lidar:0.5,120,0.20498362183570862
rung2a,lidar:0.5,121,0.16518202424049377
rung2a,lidar:0.5,122,0.17167750000953674
rung2a,lidar:0.5,123,0.18225687742233276
rung2a,lidar:0.5,124,0.3127327859401703
rung2a,lidar:0.5,125,0.18474014103412628
rung2a,lidar:0.5,126,0.23788058757781982
rung2a,lidar:0.5,127,0.20357413589954376
rung2a,lidar:0.5,128,0.25389188528060913
rung2a,lidar:0.5,129,0.17267216742038727
rung2a,lidar:0.5,130,0.2110517919063568
rung2a,lidar:0.5,131,0.2539267838001251
rung2a,lidar:0.5,132,0.1996125429868698
rung2a,lidar:0.5,133,0.20934712886810303
rung2a,lidar:0.5,134,0.12274891138076782
rung2a,lidar:0.5,135,0.16375935077667236
rung2a,lidar:0.5,136,0.2876761555671692
rung2a,lidar:0.5,137,0.24062655866146088
rung2a,lidar:0.5,138,0.15173888206481934
rung2a,lidar:0.5,139,0.18446359038352966
rung2a,lidar:0.5,140,0.2567857801914215
rung2a,lidar:0.5,141,0.40347546339035034
rung2a,lidar:0.5,142,0.1415473371744156
rung2a,lidar:0.5,143,0.149006187915802
rung2a,lidar:0.5,144,0.15580087900161743
rung2a,lidar:0.5,145,0.25179237127304077
rung2a,lidar:0.5,146,0.23156194388866425
rung2a,lidar:0.5,147,0.14072281122207642
rung2a,lidar:0.5,148,0.15673300623893738
rung2a,lidar:0.5,149,0.31233346462249756
rung2a,lidar:0.5,150,0.2675935626029968
rung2a,lidar:0.5,151,0.11019781976938248
rung2a,lidar:0.5,152,0.17807063460350037
rung2a,lidar:0.5,153,0.5018702745437622
rung2a,lidar:0.5,154,0.2524064779281616
rung2a,lidar:0.5,155,0.983573317527771
rung2a,lidar:0.5,156,0.7087812423706055
rung2a,lidar:0.5,157,1.1465152502059937
rung2a,lidar:0.5,158,0.6814361810684204
rung2a,lidar:0.5,159,0.5227242708206177
rung2a,lidar:0.5,160,0.614483118057251
rung2a,lidar:0.5,161,0.775739848613739
rung2a,lidar:0.5,162,0.8141236901283264
rung2a,lidar:0.5,163,0.1882973611354828
rung2a,lidar:0.5,164,0.9770795702934265
rung2a,lidar:0.5,165,0.12583792209625244
rung2a,lidar:0.5,166,0.21453973650932312
rung2a,lidar:0.5,167,0.15049202740192413
rung2a,lidar:0.5,168,0.3706416189670563
rung2a,lidar:0.5,169,0.41165828704833984
rung2a,lidar:0.5,170,0.719948410987854
rung2a,lidar:0.5,171,0.20383551716804504
rung2a,lidar:0.5,172,0.22071918845176697
rung2a,lidar:0.5,173,0.35562413930892944
rung2a,lidar:0.5,174,0.2877589166164398
rung2a,lidar:0.5,175,0.23553046584129333
rung2a,lidar:0.5,176,0.09197025001049042
rung2a,lidar:0.5,177,0.08037727326154709
rung2a,lidar:0.5,178,0.1204405426979065
rung2a,lidar:0.5,179,0.1806444227695465
rung2a,lidar:0.5,180,0.21589934825897217
rung2a,lidar:0.5,181,0.17564019560813904
rung2a,lidar:0.5,182,0.25460731983184814
rung2a,lidar:0.5,183,0.12392915785312653
rung2a,lidar:0.5,184,0.1644318699836731
rung2a,lidar:0.5,185,0.21875359117984772
rung2a,lidar:0.5,186,0.16525760293006897
rung2a,lidar:0.5,187,0.23939117789268494
rung2a,lidar:0.5,188,0.2674392759799957
rung2a,lidar:0.5,189,0.12005075067281723
rung2a,lidar:0.5,190,0.19021746516227722
rung2a,lidar:0.5,191,0.22933955490589142
rung2a,lidar:0.5,192,0.13748297095298767
rung2a,lidar:0.5,193,0.20026272535324097
rung2a,lidar:0.5,194,0.08104178309440613
rung2a,lidar:0.5,195,0.14465627074241638
rung2a,lidar:0.5,196,0.13800695538520813
rung2a,lidar:0.5,197,0.2219642996788025
rung2a,lidar:0.5,198,0.33736133575439453
rung2a,lidar:0.5,199,0.4611431360244751
rung2a,lidar:0.5,200,0.48642998933792114
rung2a,lidar:0.5,201,0.47500792145729065
rung2a,lidar:0.5,202,0.41302505135536194
rung2a,lidar:0.5,203,0.357016921043396
rung2a,lidar:0.5,204,0.6947020292282104
rung2a,lidar:0.5,205,0.6801426410675049
rung2a,lidar:0.5,206,1.1039724349975586
rung2a,lidar:0.5,207,1.158705234527588
rung2a,lidar:0.5,208,0.46781474351882935
rung2a,lidar:0.5,209,1.1277838945388794
rung2a,lidar:0.5,210,1.0080828666687012
rung2a,lidar:0.5,211,1.522627592086792
rung2a,lidar:0.5,212,2.056881904602051
rung2a,lidar:0.5,213,2.289656400680542
rung2a,lidar:0.5,214,0.7833003997802734
rung2a,lidar:0.5,215,0.6523158550262451
rung2a,lidar:0.5,216,4.635916709899902
rung2a,lidar:0.5,217,0.3652440905570984
rung2a,lidar:0.5,218,0.7153089642524719
rung2a,lidar:0.5,219,0.2501838207244873
rung2a,lidar:0.5,220,0.16985884308815002
rung2a,lidar:0.5,221,0.6573940515518188
rung2a,lidar:0.5,222,0.7498164772987366
rung2a,lidar:0.5,223,0.7415364980697632
rung2a,lidar:0.5,224,0.3122551441192627
rung2a,lidar:0.5,225,0.32813864946365356
rung2a,lidar:0.5,226,0.5160989761352539
rung2a,lidar:0.5,227,0.7217442393302917
rung2a,lidar:0.5,228,0.7008852958679199
rung2a,lidar:0.5,229,0.6292641162872314
rung2a,lidar:0.5,230,0.5442635416984558
rung2a,lidar:0.5,231,0.4196200966835022
rung2a,lidar:0.5,232,0.5925890207290649
rung2a,lidar:0.5,233,0.5862216949462891
rung2a,lidar:0.5,234,0.21917521953582764
rung2a,lidar:0.5,235,0.26718589663505554
rung2a,lidar:0.5,236,0.40631598234176636
rung2a,lidar:0.5,237,0.18585841357707977
rung2a,lidar:0.5,238,0.11728238314390182
rung2a,lidar:0.5,239,0.22146277129650116
rung2a,lidar:0.5,240,0.5403251647949219
rung2a,lidar:0.5,241,0.33022165298461914
rung2a,lidar:0.5,242,0.07659919559955597
rung2a,lidar:0.5,243,0.11823852360248566
rung2a,lidar:0.5,244,0.26747167110443115
rung2a,lidar:0.5,245,0.11365525424480438
rung2a,lidar:0.5,246,0.20724767446517944
rung2a,lidar:0.5,247,0.12128147482872009
rung2a,lidar:0.5,248,0.14146099984645844
rung2a,lidar:0.5,249,0.1951456218957901
rung2a,lidar:0.5,250,0.12453027069568634
rung2a,lidar:0.5,251,0.10925361514091492
rung2a,lidar:0.5,252,0.08614065498113632
rung2a,lidar:0.5,253,0.10110083222389221
rung2a,lidar:0.5,254,0.894671618938446
rung2a,lidar:0.5,255,0.7198857665061951
rung2a,lidar:0.5,256,1.2428386211395264
rung2a,lidar:0.5,257,0.8086482882499695
rung2a,lidar:0.5,258,0.3451904058456421
rung2a,lidar:0.5,259,0.5554102063179016
rung2a,lidar:0.5,260,0.6027624011039734
rung2a,lidar:0.5,261,0.48827797174453735
rung2a,lidar:0.5,262,1.2658830881118774
rung2a,lidar:0.5,263,2.3757495880126953
rung2a,lidar:0.5,264,0.7403069138526917
rung2a,lidar:0.5,265,0.31324517726898193
rung2a,lidar:0.5,266,0.4274033308029175
rung2a,lidar:0.5,267,0.6765174865722656
rung2a,lidar:0.5,268,0.3849179446697235
rung2a,lidar:0.5,269,0.35179853439331055
rung2a,lidar:0.5,270,0.6810520887374878
rung2a,lidar:0.5,271,0.4362395107746124
rung2a,lidar:0.5,272,0.46954670548439026
rung2a,lidar:0.5,273,0.27969247102737427
rung2a,lidar:0.5,274,0.1193915456533432
rung2a,lidar:0.5,275,0.16219839453697205
rung2a,lidar:0.5,276,0.3731430768966675
rung2a,lidar:0.5,277,0.19689308106899261
rung2a,lidar:0.5,278,0.14311107993125916
rung2a,lidar:0.5,279,0.18975937366485596
rung2a,lidar:0.5,280,0.20330975949764252
rung2a,lidar:0.5,281,0.1471855491399765
rung2a,lidar:0.5,282,0.16971054673194885
rung2a,lidar:0.5,283,0.21465574204921722
rung2a,lidar:0.5,284,0.15357565879821777
rung2a,lidar:0.5,285,0.23206058144569397
rung2a,lidar:0.5,286,0.31350529193878174
rung2a,lidar:0.5,287,0.46009397506713867
rung2a,lidar:0.5,288,0.18234959244728088
rung2a,lidar:0.5,289,0.12047882378101349
rung2a,lidar:0.5,290,0.2963040769100189
rung2a,lidar:0.5,291,0.4069974422454834
rung2a,lidar:0.5,292,0.32196861505508423
rung2a,lidar:0.5,293,0.10100635141134262
rung2a,lidar:0.5,294,0.1331409215927124
rung2a,lidar:0.5,295,0.23079396784305573
rung2a,lidar:0.5,296,0.1401820182800293
rung2a,lidar:0.5,297,0.3860049247741699
rung2a,lidar:0.5,298,0.17210987210273743
rung2a,lidar:0.5,299,0.4085734486579895
rung2a,lidar:0.5,300,0.32018816471099854
rung2a,lidar:0.5,301,0.25433349609375
rung2a,lidar:0.5,302,0.31081730127334595
rung2a,lidar:0.5,303,0.5978556871414185
rung2a,lidar:0.5,304,0.6576988101005554
rung2a,lidar:0.5,305,0.18242520093917847
rung2a,lidar:0.5,306,1.3991978168487549
rung2a,lidar:0.5,307,0.6675541400909424
rung2a,lidar:0.5,308,0.8771419525146484
rung2a,lidar:0.5,309,0.9319247007369995
rung2a,lidar:0.5,310,0.8374646306037903
rung2a,lidar:0.5,311,1.352081298828125
rung2a,lidar:0.5,312,0.5874590873718262
rung2a,lidar:0.5,313,0.7248755097389221
rung2a,lidar:0.5,314,0.48711076378822327
rung2a,lidar:0.5,315,0.4448935091495514
rung2a,lidar:0.5,316,0.5970973372459412
rung2a,lidar:0.5,317,0.8794326782226562
rung2a,lidar:0.5,318,0.8751903772354126
rung2a,lidar:0.5,319,0.8783590793609619
rung2a,lidar:0.5,320,1.259052038192749
rung2a,lidar:0.5,321,0.5273514986038208
rung2a,lidar:0.5,322,0.08356083929538727
rung2a,lidar:0.5,323,0.09528203308582306
rung2a,lidar:0.5,324,0.12216496467590332
rung2a,lidar:0.5,325,0.15083707869052887
rung2a,lidar:0.5,326,0.17172715067863464
rung2a,lidar:0.5,327,0.19508805871009827
rung2a,lidar:0.5,328,0.24643917381763458
rung2a,lidar:0.5,329,0.2783653140068054
rung2a,lidar:0.5,330,0.21557950973510742
rung2a,lidar:0.5,331,0.06852729618549347
rung2a,lidar:0.5,332,0.06352348625659943
rung2a,lidar:0.5,333,0.06773281842470169
rung2a,lidar:0.5,334,0.04213468357920647
rung2a,lidar:0.5,335,0.12523962557315826
rung2a,lidar:0.5,336,0.2677823007106781
rung2a,lidar:0.5,337,0.30982837080955505
rung2a,lidar:0.5,338,0.4668310880661011
rung2a,lidar:0.5,339,0.6144058108329773
rung2a,lidar:0.5,340,0.42020145058631897
rung2a,lidar:0.5,341,0.3698301911354065
rung2a,lidar:0.5,342,0.72623610496521
rung2a,lidar:0.5,343,0.8604211807250977
rung2a,lidar:0.5,344,0.3438117504119873
rung2a,lidar:0.5,345,0.7702902555465698
rung2a,lidar:0.5,346,1.3332948684692383
rung2a,lidar:0.5,347,1.8777176141738892
rung2a,lidar:0.5,348,2.1306986808776855
rung2a,lidar:0.5,349,1.149537205696106
rung2a,lidar:0.5,350,0.7533968091011047
rung2a,lidar:0.5,351,0.5199722051620483
rung2a,lidar:0.5,352,0.4243886470794678
rung2a,lidar:0.5,353,0.29295217990875244
rung2a,lidar:0.5,354,0.22006458044052124
rung2a,lidar:0.5,355,0.2572293281555176
rung2a,lidar:0.5,356,0.33597874641418457
rung2a,lidar:0.5,357,0.6351550817489624
rung2a,lidar:0.5,358,0.14197781682014465
rung2a,lidar:0.5,359,0.8642409443855286
rung2a,lidar:0.5,360,0.3107233941555023
rung2a,lidar:0.5,361,0.5505790114402771
rung2a,lidar:0.5,362,0.7535313367843628
rung2a,lidar:0.5,363,0.6350237131118774
rung2a,lidar:0.5,364,0.3594778776168823
rung2a,lidar:0.5,365,0.43858641386032104
rung2a,lidar:0.5,366,0.5397920608520508
rung2a,lidar:0.5,367,0.5442179441452026
rung2a,lidar:0.5,368,0.8538235425949097
rung2a,lidar:0.5,369,0.6777191162109375
rung2a,lidar:0.5,370,0.6980648636817932
rung2a,lidar:0.5,371,0.7892881631851196
rung2a,lidar:0.5,372,0.18623530864715576
rung2a,lidar:0.5,373,0.4543980658054352
rung2a,lidar:0.5,374,0.7425904870033264
rung2a,lidar:0.5,375,1.2903125286102295
rung2a,lidar:0.5,376,2.0999855995178223
rung2a,lidar:0.5,377,3.034792423248291
rung2a,lidar:0.5,378,3.9236035346984863
rung2a,lidar:0.5,379,3.6050610542297363
rung2a,lidar:0.5,380,3.6246585845947266
rung2a,lidar:0.5,381,0.6326696276664734
rung2a,lidar:0.5,382,0.9563218951225281
rung2a,lidar:0.5,383,0.36170318722724915
rung2a,lidar:0.5,384,0.34783536195755005
rung2a,lidar:0.5,385,0.5187469720840454
rung2a,lidar:0.5,386,0.793196439743042
rung2a,lidar:0.5,387,1.0947208404541016
rung2a,lidar:0.5,388,0.21952390670776367
rung2a,lidar:0.5,389,0.2093828171491623
rung2a,lidar:0.5,390,0.3454701006412506
rung2a,lidar:0.5,391,0.2804694175720215
rung2a,lidar:0.5,392,0.6738319396972656
rung2a,lidar:0.5,393,0.41947638988494873
rung2a,lidar:0.5,394,0.2148057073354721
rung2a,lidar:0.5,395,0.12746413052082062
rung2a,lidar:0.5,396,0.16871215403079987
rung2a,lidar:0.5,397,0.7790368795394897
rung2a,lidar:0.5,398,0.7120108604431152
rung2a,lidar:0.5,399,0.12314136326313019
rung2a,lidar:0.5,400,0.17225341498851776
rung2a,lidar:0.5,401,0.804756760597229
rung2a,lidar:0.5,402,0.2622252106666565
rung2a,lidar:0.5,403,0.2049385905265808
rung2a,lidar:0.5,404,0.23945006728172302
rung2a,lidar:0.5,405,0.3308732509613037
rung2a,lidar:0.5,406,0.1713792085647583
rung2a,lidar:0.5,407,0.577947735786438
rung2a,lidar:0.5,408,0.3443485200405121
rung2a,lidar:0.5,409,0.5122462511062622
rung2a,lidar:0.5,410,0.1916998326778412
rung2a,lidar:0.5,411,0.6191323399543762
rung2a,lidar:0.5,412,0.13818977773189545
rung2a,lidar:0.5,413,0.2766503095626831
rung2a,lidar:0.5,414,0.23018324375152588
rung2a,lidar:0.5,415,0.5197814702987671
rung2a,lidar:0.5,416,0.2281666249036789
rung2a,lidar:0.5,417,0.14532563090324402
rung2a,lidar:0.5,418,0.14837968349456787
rung2a,lidar:0.5,419,0.18542131781578064
rung2a,lidar:0.5,420,0.4039779007434845
rung2a,lidar:0.5,421,0.1532650887966156
rung2a,lidar:0.5,422,0.21473094820976257
rung2a,lidar:0.5,423,0.49839985370635986
rung2a,lidar:0.5,424,0.33026689291000366
rung2a,lidar:0.5,425,0.17451006174087524
rung2a,lidar:0.5,426,0.21436896920204163
rung2a,lidar:0.5,427,0.20554208755493164
rung2a,lidar:0.5,428,0.5354518294334412
rung2a,lidar:0.5,429,0.1254168599843979
rung2a,lidar:0.5,430,0.24987199902534485
rung2a,lidar:0.5,431,0.15268436074256897
rung2a,lidar:0.5,432,0.26886647939682007
rung2a,lidar:0.5,433,0.18837851285934448
rung2a,lidar:0.5,434,0.26770564913749695
rung2a,lidar:0.5,435,0.29920220375061035
rung2a,lidar:0.5,436,0.3874553442001343
rung2a,lidar:0.5,437,0.2124883532524109
rung2a,lidar:0.5,438,0.15965566039085388
rung2a,lidar:0.5,439,0.23898494243621826
rung2a,lidar:0.5,440,0.21930637955665588
rung2a,lidar:0.5,441,0.23979878425598145
rung2a,lidar:0.5,442,0.29237785935401917
rung2a,lidar:0.5,443,0.40406280755996704
rung2a,lidar:0.5,444,0.19963060319423676
rung2a,lidar:0.5,445,0.19425514340400696
rung2a,lidar:0.5,446,0.2751420736312866
rung2a,lidar:0.5,447,0.2264910340309143
rung2a,lidar:0.5,448,0.16562452912330627
rung2a,lidar:0.5,449,0.20901447534561157
rung2a,lidar:0.5,450,0.18088817596435547
rung2a,lidar:0.5,451,0.5274161100387573
rung2a,lidar:0.5,452,0.36113739013671875
rung2a,lidar:0.5,453,0.36935925483703613
rung2a,lidar:0.5,454,0.28455543518066406
rung2a,lidar:0.5,455,0.3454483151435852
rung2a,lidar:0.5,456,0.7101933360099792
rung2a,lidar:0.5,457,0.7921730875968933
rung2a,lidar:0.5,458,2.2440309524536133
rung2a,lidar:0.5,459,2.581942558288574
rung2a,lidar:0.5,460,1.9980063438415527
rung2a,lidar:0.5,461,0.8164088726043701
rung2a,lidar:0.5,462,0.3272666931152344
rung2a,lidar:0.5,463,0.5293200612068176
rung2a,lidar:0.5,464,0.5869687795639038
rung2a,lidar:0.5,465,0.6840935945510864
rung2a,lidar:0.5,466,0.7153804302215576
rung2a,lidar:0.5,467,0.4958156943321228
rung2a,lidar:0.5,468,0.4180077612400055
rung2a,lidar:0.5,469,0.5283505916595459
rung2a,lidar:0.5,470,0.5479113459587097
rung2a,lidar:0.5,471,0.7525327205657959
rung2a,lidar:0.5,472,0.14421245455741882
rung2a,lidar:0.5,473,0.0731634646654129
rung2a,lidar:0.5,474,0.07962164282798767
rung2a,lidar:0.5,475,0.06177361309528351
rung2a,lidar:0.5,476,0.06013508886098862
rung2a,lidar:0.5,477,0.054910723119974136
rung2a,lidar:0.5,478,0.056857772171497345
rung2a,lidar:0.5,479,0.0676175132393837
rung2a,lidar:1.0,0,0.8264576196670532
rung2a,lidar:1.0,1,0.6998727321624756
rung2a,lidar:1.0,2,0.9088183641433716
rung2a,lidar:1.0,3,0.6562628746032715
rung2a,lidar:1.0,4,0.4779713451862335
rung2a,lidar:1.0,5,0.193325012922287
rung2a,lidar:1.0,6,0.3779814541339874
rung2a,lidar:1.0,7,0.2765984535217285
rung2a,lidar:1.0,8,0.3124721646308899
rung2a,lidar:1.0,9,0.8412758111953735
rung2a,lidar:1.0,10,0.32145267724990845
rung2a,lidar:1.0,11,0.2387891411781311
rung2a,lidar:1.0,12,0.19178688526153564
rung2a,lidar:1.0,13,0.17668865621089935
rung2a,lidar:1.0,14,0.2926727533340454
rung2a,lidar:1.0,15,0.15565374493598938
rung2a,lidar:1.0,16,0.2847304940223694
rung2a,lidar:1.0,17,0.16619303822517395
rung2a,lidar:1.0,18,0.16513434052467346
rung2a,lidar:1.0,19,0.3296354413032532
rung2a,lidar:1.0,20,0.09587205201387405
rung2a,lidar:1.0,21,0.13129857182502747
rung2a,lidar:1.0,22,0.2515442371368408
rung2a,lidar:1.0,23,0.18898555636405945
rung2a,lidar:1.0,24,0.14958380162715912
rung2a,lidar:1.0,25,0.1996641457080841
rung2a,lidar:1.0,26,0.38074177503585815
rung2a,lidar:1.0,27,0.2201964110136032
rung2a,lidar:1.0,28,0.09751489013433456
rung2a,lidar:1.0,29,0.19821590185165405
rung2a,lidar:1.0,30,0.18329109251499176
rung2a,lidar:1.0,31,0.11732689291238785
rung2a,lidar:1.0,32,0.14018690586090088
rung2a,lidar:1.0,33,0.18273809552192688
rung2a,lidar:1.0,34,0.19670335948467255
rung2a,lidar:1.0,35,0.12114550173282623
rung2a,lidar:1.0,36,0.13058936595916748
rung2a,lidar:1.0,37,0.14505982398986816
rung2a,lidar:1.0,38,0.09937412291765213
rung2a,lidar:1.0,39,0.17151176929473877
rung2a,lidar:1.0,40,0.11054074764251709
rung2a,lidar:1.0,41,0.28260236978530884
rung2a,lidar:1.0,42,0.09992177784442902
rung2a,lidar:1.0,43,0.08634357154369354
rung2a,lidar:1.0,44,0.08195085823535919
rung2a,lidar:1.0,45,0.24065198004245758
rung2a,lidar:1.0,46,0.13623538613319397
rung2a,lidar:1.0,47,0.13315530121326447
rung2a,lidar:1.0,48,0.38712647557258606
rung2a,lidar:1.0,49,0.49037352204322815
rung2a,lidar:1.0,50,0.736248254776001
rung2a,lidar:1.0,51,1.3009223937988281
rung2a,lidar:1.0,52,1.474820852279663
rung2a,lidar:1.0,53,1.3044753074645996
rung2a,lidar:1.0,54,1.2277106046676636
rung2a,lidar:1.0,55,0.8683138489723206
rung2a,lidar:1.0,56,1.241753339767456
rung2a,lidar:1.0,57,1.105237603187561
rung2a,lidar:1.0,58,2.032595634460449
rung2a,lidar:1.0,59,1.0254390239715576
rung2a,lidar:1.0,60,1.8583792448043823
rung2a,lidar:1.0,61,0.9443953633308411
rung2a,lidar:1.0,62,0.8361545205116272
rung2a,lidar:1.0,63,1.5612456798553467
rung2a,lidar:1.0,64,0.6334172487258911
rung2a,lidar:1.0,65,2.018834352493286
rung2a,lidar:1.0,66,1.007692813873291
rung2a,lidar:1.0,67,1.2108161449432373
rung2a,lidar:1.0,68,0.6433117985725403
rung2a,lidar:1.0,69,0.8120405673980713
rung2a,lidar:1.0,70,0.44720470905303955
rung2a,lidar:1.0,71,0.8893767595291138
rung2a,lidar:1.0,72,0.6168266534805298
rung2a,lidar:1.0,73,0.5662890076637268
rung2a,lidar:1.0,74,0.7388755083084106
rung2a,lidar:1.0,75,0.8246136903762817
rung2a,lidar:1.0,76,0.3461701273918152
rung2a,lidar:1.0,77,0.19385404884815216
rung2a,lidar:1.0,78,0.45575660467147827
rung2a,lidar:1.0,79,0.3442397713661194
rung2a,lidar:1.0,80,1.1575124263763428
rung2a,lidar:1.0,81,0.5187053084373474
rung2a,lidar:1.0,82,0.9770775437355042
rung2a,lidar:1.0,83,0.9244367480278015
rung2a,lidar:1.0,84,1.1902402639389038
rung2a,lidar:1.0,85,1.4447658061981201
rung2a,lidar:1.0,86,2.149266004562378
rung2a,lidar:1.0,87,1.5694770812988281
rung2a,lidar:1.0,88,0.7450541853904724
rung2a,lidar:1.0,89,0.48001939058303833
rung2a,lidar:1.0,90,1.0027614831924438
rung2a,lidar:1.0,91,0.27062198519706726
rung2a,lidar:1.0,92,0.5982218980789185
rung2a,lidar:1.0,93,0.34212636947631836
rung2a,lidar:1.0,94,0.17141380906105042
rung2a,lidar:1.0,95,0.39602094888687134
rung2a,lidar:1.0,96,0.12633368372917175
rung2a,lidar:1.0,97,0.07441103458404541
rung2a,lidar:1.0,98,0.1325041502714157
rung2a,lidar:1.0,99,0.2463594675064087
rung2a,lidar:1.0,100,0.14483672380447388
rung2a,lidar:1.0,101,0.15924838185310364
rung2a,lidar:1.0,102,0.13349035382270813
rung2a,lidar:1.0,103,0.28556501865386963
rung2a,lidar:1.0,104,0.15835297107696533
rung2a,lidar:1.0,105,0.3085240125656128
rung2a,lidar:1.0,106,0.0852721780538559
rung2a,lidar:1.0,107,0.20023998618125916
rung2a,lidar:1.0,108,0.31508466601371765
rung2a,lidar:1.0,109,0.12029680609703064
rung2a,lidar:1.0,110,0.11115571111440659
rung2a,lidar:1.0,111,0.1987733244895935
rung2a,lidar:1.0,112,0.2282201051712036
rung2a,lidar:1.0,113,0.1735045611858368
rung2a,lidar:1.0,114,0.3157415986061096
rung2a,lidar:1.0,115,0.19284671545028687
rung2a,lidar:1.0,116,0.16637109220027924
rung2a,lidar:1.0,117,0.3578660488128662
rung2a,lidar:1.0,118,0.2196364551782608
rung2a,lidar:1.0,119,0.10928647220134735
rung2a,lidar:1.0,120,0.25263166427612305
rung2a,lidar:1.0,121,0.09454163908958435
rung2a,lidar:1.0,122,0.1692342311143875
rung2a,lidar:1.0,123,0.10187331587076187
rung2a,lidar:1.0,124,0.4076043665409088
rung2a,lidar:1.0,125,0.26918208599090576
rung2a,lidar:1.0,126,0.17958267033100128
rung2a,lidar:1.0,127,0.18877148628234863
rung2a,lidar:1.0,128,0.4050922989845276
rung2a,lidar:1.0,129,0.17827379703521729
rung2a,lidar:1.0,130,0.36075425148010254
rung2a,lidar:1.0,131,0.11941172182559967
rung2a,lidar:1.0,132,0.42407217621803284
rung2a,lidar:1.0,133,0.33013710379600525
rung2a,lidar:1.0,134,0.10608809441328049
rung2a,lidar:1.0,135,0.38308578729629517
rung2a,lidar:1.0,136,0.3634299635887146
rung2a,lidar:1.0,137,0.40650874376296997
rung2a,lidar:1.0,138,0.19432267546653748
rung2a,lidar:1.0,139,0.1331038773059845
rung2a,lidar:1.0,140,0.21652129292488098
rung2a,lidar:1.0,141,0.33606016635894775
rung2a,lidar:1.0,142,0.25539541244506836
rung2a,lidar:1.0,143,0.13476580381393433
rung2a,lidar:1.0,144,0.15654820203781128
rung2a,lidar:1.0,145,0.91398686170578
rung2a,lidar:1.0,146,0.35199952125549316
rung2a,lidar:1.0,147,0.14005854725837708
rung2a,lidar:1.0,148,0.22202101349830627
rung2a,lidar:1.0,149,0.43179088830947876
rung2a,lidar:1.0,150,0.3180316984653473
rung2a,lidar:1.0,151,0.09580306708812714
rung2a,lidar:1.0,152,0.1630430817604065
rung2a,lidar:1.0,153,0.44854843616485596
rung2a,lidar:1.0,154,0.7184098958969116
rung2a,lidar:1.0,155,0.936884880065918
rung2a,lidar:1.0,156,1.6198545694351196
rung2a,lidar:1.0,157,1.6170780658721924
rung2a,lidar:1.0,158,0.7209138870239258
rung2a,lidar:1.0,159,0.848717987537384
rung2a,lidar:1.0,160,1.068532109260559
rung2a,lidar:1.0,161,0.4490160346031189
rung2a,lidar:1.0,162,1.3129180669784546
rung2a,lidar:1.0,163,0.4500342607498169
rung2a,lidar:1.0,164,0.3881496787071228
rung2a,lidar:1.0,165,1.396723747253418
rung2a,lidar:1.0,166,0.28919699788093567
rung2a,lidar:1.0,167,0.33833205699920654
rung2a,lidar:1.0,168,0.20252501964569092
rung2a,lidar:1.0,169,0.335735559463501
rung2a,lidar:1.0,170,1.2671003341674805
rung2a,lidar:1.0,171,0.1447409689426422
rung2a,lidar:1.0,172,0.2118588387966156
rung2a,lidar:1.0,173,0.30765417218208313
rung2a,lidar:1.0,174,0.31167736649513245
rung2a,lidar:1.0,175,0.28318607807159424
rung2a,lidar:1.0,176,0.11488485336303711
rung2a,lidar:1.0,177,0.13784551620483398
rung2a,lidar:1.0,178,0.13765893876552582
rung2a,lidar:1.0,179,0.20901410281658173
rung2a,lidar:1.0,180,0.20707404613494873
rung2a,lidar:1.0,181,0.14212605357170105
rung2a,lidar:1.0,182,0.22897043824195862
rung2a,lidar:1.0,183,0.1758621335029602
rung2a,lidar:1.0,184,0.28440114855766296
rung2a,lidar:1.0,185,0.1799025982618332
rung2a,lidar:1.0,186,0.16307033598423004
rung2a,lidar:1.0,187,0.10411223769187927
rung2a,lidar:1.0,188,0.12497732788324356
rung2a,lidar:1.0,189,0.07375319302082062
rung2a,lidar:1.0,190,0.1913675218820572
rung2a,lidar:1.0,191,0.3059661388397217
rung2a,lidar:1.0,192,0.27405691146850586
rung2a,lidar:1.0,193,0.30834507942199707
rung2a,lidar:1.0,194,0.13916781544685364
rung2a,lidar:1.0,195,0.18248197436332703
rung2a,lidar:1.0,196,0.4123842120170593
rung2a,lidar:1.0,197,0.3331463634967804
rung2a,lidar:1.0,198,0.41103285551071167
rung2a,lidar:1.0,199,0.4537319839000702
rung2a,lidar:1.0,200,0.7337865829467773
rung2a,lidar:1.0,201,0.9495594501495361
rung2a,lidar:1.0,202,1.091606616973877
rung2a,lidar:1.0,203,0.5636037588119507
rung2a,lidar:1.0,204,1.058732032775879
rung2a,lidar:1.0,205,0.6196088194847107
rung2a,lidar:1.0,206,0.9131937026977539
rung2a,lidar:1.0,207,0.46472692489624023
rung2a,lidar:1.0,208,0.7057036757469177
rung2a,lidar:1.0,209,1.1083807945251465
rung2a,lidar:1.0,210,0.784995973110199
rung2a,lidar:1.0,211,1.2117429971694946
rung2a,lidar:1.0,212,3.41455340385437
rung2a,lidar:1.0,213,3.808048725128174
rung2a,lidar:1.0,214,7.719194412231445
rung2a,lidar:1.0,215,1.5833791494369507
rung2a,lidar:1.0,216,5.874270439147949
rung2a,lidar:1.0,217,0.7315260767936707
rung2a,lidar:1.0,218,0.8285118937492371
rung2a,lidar:1.0,219,0.8185388445854187
rung2a,lidar:1.0,220,0.39587730169296265
rung2a,lidar:1.0,221,1.1746712923049927
rung2a,lidar:1.0,222,3.1863021850585938
rung2a,lidar:1.0,223,2.2544403076171875
rung2a,lidar:1.0,224,0.5399531722068787
rung2a,lidar:1.0,225,4.120261192321777
rung2a,lidar:1.0,226,1.2070066928863525
rung2a,lidar:1.0,227,1.099107027053833
rung2a,lidar:1.0,228,1.2538697719573975
rung2a,lidar:1.0,229,0.9162788391113281
rung2a,lidar:1.0,230,1.35715913772583
rung2a,lidar:1.0,231,0.7335213422775269
rung2a,lidar:1.0,232,0.5093549489974976
rung2a,lidar:1.0,233,0.5600993633270264
rung2a,lidar:1.0,234,0.28292956948280334
rung2a,lidar:1.0,235,0.20822674036026
rung2a,lidar:1.0,236,0.3691333532333374
rung2a,lidar:1.0,237,0.3276247978210449
rung2a,lidar:1.0,238,0.1504027396440506
rung2a,lidar:1.0,239,0.19172102212905884
rung2a,lidar:1.0,240,0.4853241741657257
rung2a,lidar:1.0,241,0.3724408745765686
rung2a,lidar:1.0,242,0.17884708940982819
rung2a,lidar:1.0,243,0.13814157247543335
rung2a,lidar:1.0,244,0.4037044048309326
rung2a,lidar:1.0,245,0.14881251752376556
rung2a,lidar:1.0,246,0.1588534116744995
rung2a,lidar:1.0,247,0.12007647752761841
rung2a,lidar:1.0,248,0.17929470539093018
rung2a,lidar:1.0,249,0.18459738790988922
rung2a,lidar:1.0,250,0.34429028630256653
rung2a,lidar:1.0,251,0.2759512960910797
rung2a,lidar:1.0,252,0.1334143579006195
rung2a,lidar:1.0,253,0.16790643334388733
rung2a,lidar:1.0,254,1.1941351890563965
rung2a,lidar:1.0,255,0.8076494932174683
rung2a,lidar:1.0,256,1.6238915920257568
rung2a,lidar:1.0,257,1.0847829580307007
rung2a,lidar:1.0,258,0.7608700394630432
rung2a,lidar:1.0,259,0.4838891923427582
rung2a,lidar:1.0,260,0.5276395082473755
rung2a,lidar:1.0,261,1.527994990348816
rung2a,lidar:1.0,262,1.3280400037765503
rung2a,lidar:1.0,263,2.2059903144836426
rung2a,lidar:1.0,264,1.3181365728378296
rung2a,lidar:1.0,265,0.4438667297363281
rung2a,lidar:1.0,266,0.5533653497695923
rung2a,lidar:1.0,267,0.5354498028755188
rung2a,lidar:1.0,268,0.7398310303688049
rung2a,lidar:1.0,269,0.6667560338973999
rung2a,lidar:1.0,270,0.919880211353302
rung2a,lidar:1.0,271,1.3726608753204346
rung2a,lidar:1.0,272,0.32740509510040283
rung2a,lidar:1.0,273,0.17902861535549164
rung2a,lidar:1.0,274,0.2860005795955658
rung2a,lidar:1.0,275,0.1741248071193695
rung2a,lidar:1.0,276,0.23450298607349396
rung2a,lidar:1.0,277,0.19059491157531738
rung2a,lidar:1.0,278,0.27397575974464417
rung2a,lidar:1.0,279,0.2501448690891266
rung2a,lidar:1.0,280,0.14640186727046967
rung2a,lidar:1.0,281,0.22253575921058655
rung2a,lidar:1.0,282,0.6366076469421387
rung2a,lidar:1.0,283,0.19953201711177826
rung2a,lidar:1.0,284,0.19606244564056396
rung2a,lidar:1.0,285,0.31004297733306885
rung2a,lidar:1.0,286,0.3815768361091614
rung2a,lidar:1.0,287,0.3076484799385071
rung2a,lidar:1.0,288,0.20601366460323334
rung2a,lidar:1.0,289,0.1713586002588272
rung2a,lidar:1.0,290,0.30933910608291626
rung2a,lidar:1.0,291,0.4123566448688507
rung2a,lidar:1.0,292,0.32842734456062317
rung2a,lidar:1.0,293,0.15905945003032684
rung2a,lidar:1.0,294,0.15598441660404205
rung2a,lidar:1.0,295,0.30845439434051514
rung2a,lidar:1.0,296,0.19175395369529724
rung2a,lidar:1.0,297,0.23359626531600952
rung2a,lidar:1.0,298,0.18398383259773254
rung2a,lidar:1.0,299,0.24041850864887238
rung2a,lidar:1.0,300,0.30667638778686523
rung2a,lidar:1.0,301,0.3632354438304901
rung2a,lidar:1.0,302,0.383320152759552
rung2a,lidar:1.0,303,0.7372727394104004
rung2a,lidar:1.0,304,0.3780411183834076
rung2a,lidar:1.0,305,0.2516160011291504
rung2a,lidar:1.0,306,5.559703826904297
rung2a,lidar:1.0,307,4.854104042053223
rung2a,lidar:1.0,308,1.8974021673202515
rung2a,lidar:1.0,309,2.992928981781006
rung2a,lidar:1.0,310,2.900313377380371
rung2a,lidar:1.0,311,1.3858904838562012
rung2a,lidar:1.0,312,0.6830607056617737
rung2a,lidar:1.0,313,0.6694746017456055
rung2a,lidar:1.0,314,1.0842020511627197
rung2a,lidar:1.0,315,0.459941029548645
rung2a,lidar:1.0,316,0.8399226665496826
rung2a,lidar:1.0,317,0.7735802531242371
rung2a,lidar:1.0,318,1.2128469944000244
rung2a,lidar:1.0,319,0.688670814037323
rung2a,lidar:1.0,320,1.238893747329712
rung2a,lidar:1.0,321,0.3014777600765228
rung2a,lidar:1.0,322,0.051961589604616165
rung2a,lidar:1.0,323,0.09826456755399704
rung2a,lidar:1.0,324,0.14981436729431152
rung2a,lidar:1.0,325,0.13018791377544403
rung2a,lidar:1.0,326,0.18339377641677856
rung2a,lidar:1.0,327,0.19668301939964294
rung2a,lidar:1.0,328,0.2089289128780365
rung2a,lidar:1.0,329,0.21591919660568237
rung2a,lidar:1.0,330,0.17380735278129578
rung2a,lidar:1.0,331,2.230125904083252
rung2a,lidar:1.0,332,0.03903573006391525
rung2a,lidar:1.0,333,0.08381965756416321
rung2a,lidar:1.0,334,0.08954905718564987
rung2a,lidar:1.0,335,0.1402067095041275
rung2a,lidar:1.0,336,0.2962954640388489
rung2a,lidar:1.0,337,0.3093160092830658
rung2a,lidar:1.0,338,0.37660837173461914
rung2a,lidar:1.0,339,0.5011222958564758
rung2a,lidar:1.0,340,0.6690057516098022
rung2a,lidar:1.0,341,0.3513197600841522
rung2a,lidar:1.0,342,0.6224559545516968
rung2a,lidar:1.0,343,4.428165435791016
rung2a,lidar:1.0,344,0.27073967456817627
rung2a,lidar:1.0,345,0.744148313999176
rung2a,lidar:1.0,346,1.3048779964447021
rung2a,lidar:1.0,347,1.3607981204986572
rung2a,lidar:1.0,348,1.4387891292572021
rung2a,lidar:1.0,349,2.9543747901916504
rung2a,lidar:1.0,350,1.3390909433364868
rung2a,lidar:1.0,351,0.5510409474372864
rung2a,lidar:1.0,352,0.7031480669975281
rung2a,lidar:1.0,353,0.6145856380462646
rung2a,lidar:1.0,354,0.26080137491226196
rung2a,lidar:1.0,355,0.3818259835243225
rung2a,lidar:1.0,356,0.325619637966156
rung2a,lidar:1.0,357,0.8591874837875366
rung2a,lidar:1.0,358,0.4315756857395172
rung2a,lidar:1.0,359,0.7977926731109619
rung2a,lidar:1.0,360,0.4191371202468872
rung2a,lidar:1.0,361,0.5011653304100037
rung2a,lidar:1.0,362,0.7025293111801147
rung2a,lidar:1.0,363,0.7652295827865601
rung2a,lidar:1.0,364,2.1792824268341064
rung2a,lidar:1.0,365,1.8468451499938965
rung2a,lidar:1.0,366,1.479689121246338
rung2a,lidar:1.0,367,0.5995774269104004
rung2a,lidar:1.0,368,0.79649817943573
rung2a,lidar:1.0,369,0.472573459148407
rung2a,lidar:1.0,370,0.6584104299545288
rung2a,lidar:1.0,371,0.2849828004837036
rung2a,lidar:1.0,372,0.2941017746925354
rung2a,lidar:1.0,373,0.5317415595054626
rung2a,lidar:1.0,374,0.7457402944564819
rung2a,lidar:1.0,375,1.4736400842666626
rung2a,lidar:1.0,376,2.0011162757873535
rung2a,lidar:1.0,377,2.9163551330566406
rung2a,lidar:1.0,378,4.110342502593994
rung2a,lidar:1.0,379,4.486494064331055
rung2a,lidar:1.0,380,4.131096363067627
rung2a,lidar:1.0,381,0.6978230476379395
rung2a,lidar:1.0,382,0.9993318915367126
rung2a,lidar:1.0,383,0.43919050693511963
rung2a,lidar:1.0,384,0.5731915235519409
rung2a,lidar:1.0,385,0.17834815382957458
rung2a,lidar:1.0,386,0.31767332553863525
rung2a,lidar:1.0,387,0.3065427541732788
rung2a,lidar:1.0,388,0.2258910834789276
rung2a,lidar:1.0,389,0.17841799557209015
rung2a,lidar:1.0,390,0.37604665756225586
rung2a,lidar:1.0,391,0.33242183923721313
rung2a,lidar:1.0,392,0.6467288732528687
rung2a,lidar:1.0,393,0.5053695440292358
rung2a,lidar:1.0,394,0.4241293668746948
rung2a,lidar:1.0,395,0.12021861970424652
rung2a,lidar:1.0,396,0.30800729990005493
rung2a,lidar:1.0,397,0.2052144557237625
rung2a,lidar:1.0,398,0.132772296667099
rung2a,lidar:1.0,399,0.18966281414031982
rung2a,lidar:1.0,400,0.26539719104766846
rung2a,lidar:1.0,401,1.8209342956542969
rung2a,lidar:1.0,402,0.5263786315917969
rung2a,lidar:1.0,403,0.15113766491413116
rung2a,lidar:1.0,404,0.7922788858413696
rung2a,lidar:1.0,405,1.3494658470153809
rung2a,lidar:1.0,406,0.20499639213085175
rung2a,lidar:1.0,407,0.21741566061973572
rung2a,lidar:1.0,408,0.17698873579502106
rung2a,lidar:1.0,409,0.6053855419158936
rung2a,lidar:1.0,410,0.5361844301223755
rung2a,lidar:1.0,411,0.3691288232803345
rung2a,lidar:1.0,412,0.32230353355407715
rung2a,lidar:1.0,413,0.5711165070533752
rung2a,lidar:1.0,414,0.1314014345407486
rung2a,lidar:1.0,415,0.3397243916988373
rung2a,lidar:1.0,416,0.17185114324092865
rung2a,lidar:1.0,417,0.17985591292381287
rung2a,lidar:1.0,418,0.16213056445121765
rung2a,lidar:1.0,419,1.6567951440811157
rung2a,lidar:1.0,420,0.1823948472738266
rung2a,lidar:1.0,421,0.18341803550720215
rung2a,lidar:1.0,422,0.4857558608055115
rung2a,lidar:1.0,423,0.8886752128601074
rung2a,lidar:1.0,424,0.31627357006073
rung2a,lidar:1.0,425,0.22771263122558594
rung2a,lidar:1.0,426,0.46439704298973083
rung2a,lidar:1.0,427,0.45797431468963623
rung2a,lidar:1.0,428,0.9912459850311279
rung2a,lidar:1.0,429,0.26649022102355957
rung2a,lidar:1.0,430,0.264228880405426
rung2a,lidar:1.0,431,0.4069315195083618
rung2a,lidar:1.0,432,0.16837503015995026
rung2a,lidar:1.0,433,0.17647911608219147
rung2a,lidar:1.0,434,0.21772314608097076
rung2a,lidar:1.0,435,0.3452308177947998
rung2a,lidar:1.0,436,0.17155241966247559
rung2a,lidar:1.0,437,0.2543966770172119
rung2a,lidar:1.0,438,0.26887190341949463
rung2a,lidar:1.0,439,0.22365199029445648
rung2a,lidar:1.0,440,0.2351403683423996
rung2a,lidar:1.0,441,0.21567478775978088
rung2a,lidar:1.0,442,0.4515441358089447
rung2a,lidar:1.0,443,0.26894065737724304
rung2a,lidar:1.0,444,0.34087827801704407
rung2a,lidar:1.0,445,0.3049837350845337
rung2a,lidar:1.0,446,0.32857900857925415
rung2a,lidar:1.0,447,0.6997054815292358
rung2a,lidar:1.0,448,0.14143508672714233
rung2a,lidar:1.0,449,0.2176916003227234
rung2a,lidar:1.0,450,0.30176782608032227
rung2a,lidar:1.0,451,2.0403053760528564
rung2a,lidar:1.0,452,1.6324115991592407
rung2a,lidar:1.0,453,0.6344885230064392
rung2a,lidar:1.0,454,5.013794898986816
rung2a,lidar:1.0,455,4.5609130859375
rung2a,lidar:1.0,456,1.9816911220550537
rung2a,lidar:1.0,457,4.193904876708984
rung2a,lidar:1.0,458,1.0602465867996216
rung2a,lidar:1.0,459,3.912604570388794
rung2a,lidar:1.0,460,2.6244750022888184
rung2a,lidar:1.0,461,1.1117358207702637
rung2a,lidar:1.0,462,0.11624911427497864
rung2a,lidar:1.0,463,0.26799654960632324
rung2a,lidar:1.0,464,0.6300621032714844
rung2a,lidar:1.0,465,1.070792317390442
rung2a,lidar:1.0,466,1.054529070854187
rung2a,lidar:1.0,467,0.95155930519104
rung2a,lidar:1.0,468,1.8833098411560059
rung2a,lidar:1.0,469,2.359595775604248
rung2a,lidar:1.0,470,1.613708257675171
rung2a,lidar:1.0,471,0.9105123281478882
rung2a,lidar:1.0,472,0.03410860896110535
rung2a,lidar:1.0,473,0.050788410007953644
rung2a,lidar:1.0,474,0.08495619893074036
rung2a,lidar:1.0,475,0.07753349840641022
rung2a,lidar:1.0,476,0.07531579583883286
rung2a,lidar:1.0,477,0.07093841582536697
rung2a,lidar:1.0,478,0.07485399395227432
rung2a,lidar:1.0,479,0.060945600271224976
rung4,none:0,0,0.5686432123184204
rung4,none:0,1,1.1937429904937744
rung4,none:0,2,0.37213629484176636
rung4,none:0,3,0.5378439426422119
rung4,none:0,4,0.3799077272415161
rung4,none:0,5,0.3507624864578247
rung4,none:0,6,0.1945038139820099
rung4,none:0,7,0.43664973974227905
rung4,none:0,8,0.2666417360305786
rung4,none:0,9,0.2598474621772766
rung4,none:0,10,0.19615471363067627
rung4,none:0,11,0.225708469748497
rung4,none:0,12,0.3718538284301758
rung4,none:0,13,0.2564156949520111
rung4,none:0,14,0.26683375239372253
rung4,none:0,15,0.28108400106430054
rung4,none:0,16,0.2070927619934082
rung4,none:0,17,0.20793411135673523
rung4,none:0,18,0.29386377334594727
rung4,none:0,19,0.24369755387306213
rung4,none:0,20,0.12631836533546448
rung4,none:0,21,0.14671383798122406
rung4,none:0,22,0.256397008895874
rung4,none:0,23,0.23751841485500336
rung4,none:0,24,0.14263486862182617
rung4,none:0,25,0.1972440630197525
rung4,none:0,26,0.27042338252067566
rung4,none:0,27,0.37970855832099915
rung4,none:0,28,0.18448707461357117
rung4,none:0,29,0.17261919379234314
rung4,none:0,30,0.27981171011924744
rung4,none:0,31,0.33389565348625183
rung4,none:0,32,0.19606637954711914
rung4,none:0,33,0.13839519023895264
rung4,none:0,34,0.23026293516159058
rung4,none:0,35,0.36987292766571045
rung4,none:0,36,0.2768900692462921
rung4,none:0,37,0.12060578912496567
rung4,none:0,38,0.19816666841506958
rung4,none:0,39,0.34231775999069214
rung4,none:0,40,0.25728118419647217
rung4,none:0,41,0.08406126499176025
rung4,none:0,42,0.1196664497256279
rung4,none:0,43,0.2720118761062622
rung4,none:0,44,0.2586931586265564
rung4,none:0,45,0.13515985012054443
rung4,none:0,46,0.18562692403793335
rung4,none:0,47,0.38261109590530396
rung4,none:0,48,0.49575555324554443
rung4,none:0,49,0.5495696067810059
rung4,none:0,50,0.7335240244865417
rung4,none:0,51,1.0023581981658936
rung4,none:0,52,1.148025631904602
rung4,none:0,53,0.30454546213150024
rung4,none:0,54,0.37957489490509033
rung4,none:0,55,0.5909368395805359
rung4,none:0,56,0.9354965686798096
rung4,none:0,57,1.1545283794403076
rung4,none:0,58,1.6084246635437012
rung4,none:0,59,0.9803066253662109
rung4,none:0,60,0.2817452549934387
rung4,none:0,61,0.44780877232551575
rung4,none:0,62,0.21718332171440125
rung4,none:0,63,0.4965291917324066
rung4,none:0,64,0.9711180925369263
rung4,none:0,65,1.4925271272659302
rung4,none:0,66,1.3348852396011353
rung4,none:0,67,1.233894944190979
rung4,none:0,68,1.0480643510818481
rung4,none:0,69,1.1858878135681152
rung4,none:0,70,1.4872769117355347
rung4,none:0,71,1.3041640520095825
rung4,none:0,72,0.557117223739624
rung4,none:0,73,0.5470324754714966
rung4,none:0,74,0.7447977066040039
rung4,none:0,75,0.61614990234375
rung4,none:0,76,0.5060807466506958
rung4,none:0,77,0.24161884188652039
rung4,none:0,78,0.18309983611106873
rung4,none:0,79,0.20852075517177582
rung4,none:0,80,0.3393799066543579
rung4,none:0,81,0.40131330490112305
rung4,none:0,82,0.471110075712204
rung4,none:0,83,0.5880576968193054
rung4,none:0,84,0.6819908618927002
rung4,none:0,85,0.5827621221542358
rung4,none:0,86,0.5205385088920593
rung4,none:0,87,0.9025189876556396
rung4,none:0,88,0.484953910112381
rung4,none:0,89,0.22511348128318787
rung4,none:0,90,0.2569795250892639
rung4,none:0,91,0.30120939016342163
rung4,none:0,92,0.26433658599853516
rung4,none:0,93,0.19614176452159882
rung4,none:0,94,0.1390782594680786
rung4,none:0,95,0.1801433265209198
rung4,none:0,96,0.10775475203990936
rung4,none:0,97,0.0777997225522995
rung4,none:0,98,0.1007886528968811
rung4,none:0,99,0.1604258269071579
rung4,none:0,100,0.11257883161306381
rung4,none:0,101,0.2604924738407135
rung4,none:0,102,0.2291448712348938
rung4,none:0,103,0.11661634594202042
rung4,none:0,104,0.09782622009515762
rung4,none:0,105,0.2350209504365921
rung4,none:0,106,0.19705253839492798
rung4,none:0,107,0.08020451664924622
rung4,none:0,108,0.08526414632797241
rung4,none:0,109,0.3036346733570099
rung4,none:0,110,0.19845527410507202
rung4,none:0,111,0.0922619104385376
rung4,none:0,112,0.11755000054836273
rung4,none:0,113,0.2287164330482483
rung4,none:0,114,0.27953025698661804
rung4,none:0,115,0.16624799370765686
rung4,none:0,116,0.16407997906208038
rung4,none:0,117,0.20597806572914124
rung4,none:0,118,0.2517179250717163
rung4,none:0,119,0.18444672226905823
rung4,none:0,120,0.1577182412147522
rung4,none:0,121,0.1849011480808258
rung4,none:0,122,0.28337034583091736
rung4,none:0,123,0.20759737491607666
rung4,none:0,124,0.16632825136184692
rung4,none:0,125,0.16867884993553162
rung4,none:0,126,0.28789010643959045
rung4,none:0,127,0.27381646633148193
rung4,none:0,128,0.14837546646595
rung4,none:0,129,0.16366609930992126
rung4,none:0,130,0.2969669699668884
rung4,none:0,131,0.26620107889175415
rung4,none:0,132,0.14757294952869415
rung4,none:0,133,0.1469639241695404
rung4,none:0,134,0.22530318796634674
rung4,none:0,135,0.20817328989505768
rung4,none:0,136,0.17906340956687927
rung4,none:0,137,0.17007693648338318
rung4,none:0,138,0.19304609298706055
rung4,none:0,139,0.2700466811656952
rung4,none:0,140,0.17573454976081848
rung4,none:0,141,0.15874162316322327
rung4,none:0,142,0.16870176792144775
rung4,none:0,143,0.23657004535198212
rung4,none:0,144,0.22320261597633362
rung4,none:0,145,0.1506762057542801
rung4,none:0,146,0.16597798466682434
rung4,none:0,147,0.24931982159614563
rung4,none:0,148,0.26155322790145874
rung4,none:0,149,0.13475269079208374
rung4,none:0,150,0.16065943241119385
rung4,none:0,151,0.25181901454925537
rung4,none:0,152,0.25169116258621216
rung4,none:0,153,0.1733255386352539
rung4,none:0,154,0.22302483022212982
rung4,none:0,155,0.4012127220630646
rung4,none:0,156,0.4039078950881958
rung4,none:0,157,0.5178170204162598
rung4,none:0,158,0.16465899348258972
rung4,none:0,159,0.2840002179145813
rung4,none:0,160,0.1101791113615036
rung4,none:0,161,0.18456262350082397
rung4,none:0,162,0.22499720752239227
rung4,none:0,163,0.18260155618190765
rung4,none:0,164,0.19286438822746277
rung4,none:0,165,0.2795620858669281
rung4,none:0,166,0.40848463773727417
rung4,none:0,167,0.18430094420909882
rung4,none:0,168,0.21305887401103973
rung4,none:0,169,0.1664574295282364
rung4,none:0,170,0.1705699861049652
rung4,none:0,171,0.26991957426071167
rung4,none:0,172,0.21475790441036224
rung4,none:0,173,0.38122081756591797
rung4,none:0,174,0.41471174359321594
rung4,none:0,175,0.24662712216377258
rung4,none:0,176,0.15243391692638397
rung4,none:0,177,0.3304986357688904
rung4,none:0,178,0.2659066319465637
rung4,none:0,179,0.24160254001617432
rung4,none:0,180,0.21138669550418854
rung4,none:0,181,0.2683336138725281
rung4,none:0,182,0.25787752866744995
rung4,none:0,183,0.25176697969436646
rung4,none:0,184,0.2474517822265625
rung4,none:0,185,0.2733965218067169
rung4,none:0,186,0.19603750109672546
rung4,none:0,187,0.3184721767902374
rung4,none:0,188,0.32674020528793335
rung4,none:0,189,0.196457639336586
rung4,none:0,190,0.27626627683639526
rung4,none:0,191,0.27244848012924194
rung4,none:0,192,0.2052825689315796
rung4,none:0,193,0.21479834616184235
rung4,none:0,194,0.16071131825447083
rung4,none:0,195,0.24554498493671417
rung4,none:0,196,0.300650030374527
rung4,none:0,197,0.31986552476882935
rung4,none:0,198,0.6537635922431946
rung4,none:0,199,0.6877909302711487
rung4,none:0,200,0.6958370804786682
rung4,none:0,201,1.196933627128601
rung4,none:0,202,1.4745044708251953
rung4,none:0,203,1.4026942253112793
rung4,none:0,204,1.4184348583221436
rung4,none:0,205,0.8458860516548157
rung4,none:0,206,0.7782307863235474
rung4,none:0,207,0.7751124501228333
rung4,none:0,208,0.7291283011436462
rung4,none:0,209,1.6677981615066528
rung4,none:0,210,1.86799156665802
rung4,none:0,211,1.873838186264038
rung4,none:0,212,1.4832881689071655
rung4,none:0,213,1.4187284708023071
rung4,none:0,214,1.7779438495635986
rung4,none:0,215,3.2875258922576904
rung4,none:0,216,1.546772837638855
rung4,none:0,217,0.6202954053878784
rung4,none:0,218,0.8785118460655212
rung4,none:0,219,0.7909190058708191
rung4,none:0,220,0.4840954542160034
rung4,none:0,221,0.3441523313522339
rung4,none:0,222,0.3102039098739624
rung4,none:0,223,0.234153151512146
rung4,none:0,224,0.4508790969848633
rung4,none:0,225,0.6134955883026123
rung4,none:0,226,0.6418038606643677
rung4,none:0,227,0.6369012594223022
rung4,none:0,228,0.46408435702323914
rung4,none:0,229,0.4359637498855591
rung4,none:0,230,0.6595709323883057
rung4,none:0,231,0.7413430213928223
rung4,none:0,232,0.5628693699836731
rung4,none:0,233,0.2389337569475174
rung4,none:0,234,0.31490927934646606
rung4,none:0,235,0.35269638895988464
rung4,none:0,236,0.4668318033218384
rung4,none:0,237,0.16584989428520203
rung4,none:0,238,0.17838242650032043
rung4,none:0,239,0.16195330023765564
rung4,none:0,240,0.252443790435791
rung4,none:0,241,0.22972984611988068
rung4,none:0,242,0.17659617960453033
rung4,none:0,243,0.08580198884010315
rung4,none:0,244,0.16555222868919373
rung4,none:0,245,0.12428019940853119
rung4,none:0,246,0.18482953310012817
rung4,none:0,247,0.08870557695627213
rung4,none:0,248,0.1257910430431366
rung4,none:0,249,0.15925368666648865
rung4,none:0,250,0.11950701475143433
rung4,none:0,251,0.10020790249109268
rung4,none:0,252,0.0774201974272728
rung4,none:0,253,0.1131952628493309
rung4,none:0,254,0.3954744338989258
rung4,none:0,255,0.3202606439590454
rung4,none:0,256,0.48099127411842346
rung4,none:0,257,0.33936458826065063
rung4,none:0,258,0.438099205493927
rung4,none:0,259,0.6534233093261719
rung4,none:0,260,1.0010606050491333
rung4,none:0,261,1.4178310632705688
rung4,none:0,262,2.225877285003662
rung4,none:0,263,1.9987822771072388
rung4,none:0,264,0.6584173440933228
rung4,none:0,265,0.3481499254703522
rung4,none:0,266,0.44869309663772583
rung4,none:0,267,0.46989384293556213
rung4,none:0,268,0.22505436837673187
rung4,none:0,269,0.3549931049346924
rung4,none:0,270,0.1935804784297943
rung4,none:0,271,0.4064748287200928
rung4,none:0,272,0.25629478693008423
rung4,none:0,273,0.17308613657951355
rung4,none:0,274,0.13693565130233765
rung4,none:0,275,0.18701481819152832
rung4,none:0,276,0.14029644429683685
rung4,none:0,277,0.1419372260570526
rung4,none:0,278,0.1860561966896057
rung4,none:0,279,0.16165615618228912
rung4,none:0,280,0.1812242567539215
rung4,none:0,281,0.17447489500045776
rung4,none:0,282,0.2345508337020874
rung4,none:0,283,0.31344395875930786
rung4,none:0,284,0.37147849798202515
rung4,none:0,285,0.3315839469432831
rung4,none:0,286,0.4378772974014282
rung4,none:0,287,0.5811059474945068
rung4,none:0,288,0.5475835204124451
rung4,none:0,289,0.3551916182041168
rung4,none:0,290,0.3718810975551605
rung4,none:0,291,0.4896828532218933
rung4,none:0,292,0.4117261469364166
rung4,none:0,293,0.26068225502967834
rung4,none:0,294,0.23736996948719025
rung4,none:0,295,0.418233186006546
rung4,none:0,296,0.37749752402305603
rung4,none:0,297,0.23687489330768585
rung4,none:0,298,0.2822178900241852
rung4,none:0,299,0.47026827931404114
rung4,none:0,300,0.4813418984413147
rung4,none:0,301,0.23790545761585236
rung4,none:0,302,0.6813122630119324
rung4,none:0,303,1.05293607711792
rung4,none:0,304,1.3367335796356201
rung4,none:0,305,0.6873446702957153
rung4,none:0,306,0.5592949390411377
rung4,none:0,307,0.5593347549438477
rung4,none:0,308,0.5994404554367065
rung4,none:0,309,0.8807321190834045
rung4,none:0,310,0.850069522857666
rung4,none:0,311,0.8736463785171509
rung4,none:0,312,0.6891837120056152
rung4,none:0,313,0.7983793020248413
rung4,none:0,314,0.31149470806121826
rung4,none:0,315,0.7292810678482056
rung4,none:0,316,0.680031955242157
rung4,none:0,317,0.7188360691070557
rung4,none:0,318,0.7514039278030396
rung4,none:0,319,0.5108412504196167
rung4,none:0,320,0.90303635597229
rung4,none:0,321,0.4996279776096344
rung4,none:0,322,0.03270541876554489
rung4,none:0,323,0.04433518275618553
rung4,none:0,324,0.0680110827088356
rung4,none:0,325,0.09466150403022766
rung4,none:0,326,0.11888402700424194
rung4,none:0,327,0.14290829002857208
rung4,none:0,328,0.15862484276294708
rung4,none:0,329,0.1573851853609085
rung4,none:0,330,0.12827187776565552
rung4,none:0,331,0.05465930327773094
rung4,none:0,332,0.025903981178998947
rung4,none:0,333,0.017082903534173965
rung4,none:0,334,0.0337836816906929
rung4,none:0,335,0.1014242172241211
rung4,none:0,336,0.21463380753993988
rung4,none:0,337,0.340159147977829
rung4,none:0,338,0.43515726923942566
rung4,none:0,339,0.5505608320236206
rung4,none:0,340,0.25797584652900696
rung4,none:0,341,0.36093878746032715
rung4,none:0,342,0.8118263483047485
rung4,none:0,343,0.19648389518260956
rung4,none:0,344,0.32210877537727356
rung4,none:0,345,0.6907364726066589
rung4,none:0,346,1.2494093179702759
rung4,none:0,347,2.028247117996216
rung4,none:0,348,0.6798388361930847
rung4,none:0,349,0.4325959384441376
rung4,none:0,350,0.4020110070705414
rung4,none:0,351,0.4366455376148224
rung4,none:0,352,0.5726182460784912
rung4,none:0,353,0.4962261915206909
rung4,none:0,354,0.39453235268592834
rung4,none:0,355,0.6216453313827515
rung4,none:0,356,0.22008922696113586
rung4,none:0,357,0.1527869552373886
rung4,none:0,358,0.258384108543396
rung4,none:0,359,0.31699472665786743
rung4,none:0,360,0.6740679740905762
rung4,none:0,361,0.42236053943634033
rung4,none:0,362,0.5990380048751831
rung4,none:0,363,0.9233711957931519
rung4,none:0,364,0.5413047671318054
rung4,none:0,365,0.41306307911872864
rung4,none:0,366,0.6612148284912109
rung4,none:0,367,0.5579138994216919
rung4,none:0,368,0.3457946479320526
rung4,none:0,369,0.5239187479019165
rung4,none:0,370,0.6025276184082031
rung4,none:0,371,0.8879349827766418
rung4,none:0,372,0.33024027943611145
rung4,none:0,373,0.4191574156284332
rung4,none:0,374,0.820022702217102
rung4,none:0,375,1.4183812141418457
rung4,none:0,376,2.0980923175811768
rung4,none:0,377,2.9776360988616943
rung4,none:0,378,3.658036470413208
rung4,none:0,379,1.5510978698730469
rung4,none:0,380,1.22385835647583
rung4,none:0,381,0.628839373588562
rung4,none:0,382,0.1771848350763321
rung4,none:0,383,0.5044307112693787
rung4,none:0,384,0.21471714973449707
rung4,none:0,385,0.2026384025812149
rung4,none:0,386,0.3122214078903198
rung4,none:0,387,0.2699282765388489
rung4,none:0,388,0.3289548456668854
rung4,none:0,389,0.5113714337348938
rung4,none:0,390,0.16352978348731995
rung4,none:0,391,0.197188138961792
rung4,none:0,392,0.4079045355319977
rung4,none:0,393,0.46984633803367615
rung4,none:0,394,0.19508355855941772
rung4,none:0,395,0.16176295280456543
rung4,none:0,396,0.21658512949943542
rung4,none:0,397,0.3051287531852722
rung4,none:0,398,0.2457897961139679
rung4,none:0,399,0.24346813559532166
rung4,none:0,400,0.1640089452266693
rung4,none:0,401,0.2956104576587677
rung4,none:0,402,0.29169660806655884
rung4,none:0,403,0.2964966595172882
rung4,none:0,404,0.19083383679389954
rung4,none:0,405,0.39048486948013306
rung4,none:0,406,0.4982641339302063
rung4,none:0,407,0.3588732182979584
rung4,none:0,408,0.1448746919631958
rung4,none:0,409,0.5269696712493896
rung4,none:0,410,0.15630824863910675
rung4,none:0,411,0.1958557367324829
rung4,none:0,412,0.15614956617355347
rung4,none:0,413,0.17340809106826782
rung4,none:0,414,0.3710762560367584
rung4,none:0,415,0.3658634424209595
rung4,none:0,416,0.33242061734199524
rung4,none:0,417,0.15932276844978333
rung4,none:0,418,0.18061301112174988
rung4,none:0,419,0.30419790744781494
rung4,none:0,420,0.30918389558792114
rung4,none:0,421,0.1742621511220932
rung4,none:0,422,0.21849225461483002
rung4,none:0,423,0.4581970274448395
rung4,none:0,424,0.45397937297821045
rung4,none:0,425,0.27278390526771545
rung4,none:0,426,0.3061096668243408
rung4,none:0,427,0.6403902769088745
rung4,none:0,428,0.5012794733047485
rung4,none:0,429,0.17608043551445007
rung4,none:0,430,0.16694626212120056
rung4,none:0,431,0.2996082901954651
rung4,none:0,432,0.4729604125022888
rung4,none:0,433,0.22961647808551788
rung4,none:0,434,0.15983475744724274
rung4,none:0,435,0.24302971363067627
rung4,none:0,436,0.5524028539657593
rung4,none:0,437,0.40160268545150757
rung4,none:0,438,0.24916358292102814
rung4,none:0,439,0.26869335770606995
rung4,none:0,440,0.4385787546634674
rung4,none:0,441,0.5726801156997681
rung4,none:0,442,0.1677514612674713
rung4,none:0,443,0.17694680392742157
rung4,none:0,444,0.3966272473335266
rung4,none:0,445,0.2883860468864441
rung4,none:0,446,0.17514419555664062
rung4,none:0,447,0.23116058111190796
rung4,none:0,448,0.26865172386169434
rung4,none:0,449,0.24929845333099365
rung4,none:0,450,0.17442166805267334
rung4,none:0,451,0.3751300275325775
rung4,none:0,452,0.17635072767734528
rung4,none:0,453,0.24365630745887756
rung4,none:0,454,0.23929432034492493
rung4,none:0,455,0.46607694029808044
rung4,none:0,456,0.4225953221321106
rung4,none:0,457,0.8129131197929382
rung4,none:0,458,1.1647632122039795
rung4,none:0,459,1.2517621517181396
rung4,none:0,460,1.067544937133789
rung4,none:0,461,0.7468616962432861
rung4,none:0,462,0.23236075043678284
rung4,none:0,463,0.46904194355010986
rung4,none:0,464,0.5450966358184814
rung4,none:0,465,0.6760769486427307
rung4,none:0,466,0.7430434226989746
rung4,none:0,467,0.8031390309333801
rung4,none:0,468,0.8270053267478943
rung4,none:0,469,0.7440637350082397
rung4,none:0,470,0.7958126068115234
rung4,none:0,471,0.5223494172096252
rung4,none:0,472,0.20016710460186005
rung4,none:0,473,0.04049283638596535
rung4,none:0,474,0.03577268496155739
rung4,none:0,475,0.020882146432995796
rung4,none:0,476,0.007287813816219568
rung4,none:0,477,0.01277068629860878
rung4,none:0,478,0.005895438604056835
rung4,none:0,479,0.007090305909514427
rung4,camera:0.5,0,0.6143437623977661
rung4,camera:0.5,1,1.243778944015503
rung4,camera:0.5,2,0.2610858976840973
rung4,camera:0.5,3,0.25135257840156555
rung4,camera:0.5,4,0.43871182203292847
rung4,camera:0.5,5,0.33899497985839844
rung4,camera:0.5,6,0.1694364696741104
rung4,camera:0.5,7,0.4230765104293823
rung4,camera:0.5,8,0.3050776422023773
rung4,camera:0.5,9,0.23403744399547577
rung4,camera:0.5,10,0.19168716669082642
rung4,camera:0.5,11,0.2601828873157501
rung4,camera:0.5,12,0.4048416316509247
rung4,camera:0.5,13,0.2861921489238739
rung4,camera:0.5,14,0.22826682031154633
rung4,camera:0.5,15,0.24940896034240723
rung4,camera:0.5,16,0.19385668635368347
rung4,camera:0.5,17,0.16590102016925812
rung4,camera:0.5,18,0.2816349267959595
rung4,camera:0.5,19,0.19602446258068085
rung4,camera:0.5,20,0.11923126131296158
rung4,camera:0.5,21,0.14495235681533813
rung4,camera:0.5,22,0.25388428568840027
rung4,camera:0.5,23,0.23569023609161377
rung4,camera:0.5,24,0.13758766651153564
rung4,camera:0.5,25,0.18884092569351196
rung4,camera:0.5,26,0.29956668615341187
rung4,camera:0.5,27,0.32288211584091187
rung4,camera:0.5,28,0.15989065170288086
rung4,camera:0.5,29,0.15518127381801605
rung4,camera:0.5,30,0.27013301849365234
rung4,camera:0.5,31,0.29059770703315735
rung4,camera:0.5,32,0.1851072758436203
rung4,camera:0.5,33,0.11544264107942581
rung4,camera:0.5,34,0.17577321827411652
rung4,camera:0.5,35,0.3055790662765503
rung4,camera:0.5,36,0.16663207113742828
rung4,camera:0.5,37,0.09254464507102966
rung4,camera:0.5,38,0.12060347944498062
rung4,camera:0.5,39,0.261989027261734
rung4,camera:0.5,40,0.18686234951019287
rung4,camera:0.5,41,0.08172746002674103
rung4,camera:0.5,42,0.10786478221416473
rung4,camera:0.5,43,0.2868221402168274
rung4,camera:0.5,44,0.22325846552848816
rung4,camera:0.5,45,0.0922040194272995
rung4,camera:0.5,46,0.1762302815914154
rung4,camera:0.5,47,0.39708736538887024
rung4,camera:0.5,48,0.49490678310394287
rung4,camera:0.5,49,0.5494231581687927
rung4,camera:0.5,50,0.7666166424751282
rung4,camera:0.5,51,1.0837113857269287
rung4,camera:0.5,52,1.3833441734313965
rung4,camera:0.5,53,1.0242094993591309
rung4,camera:0.5,54,0.7950880527496338
rung4,camera:0.5,55,1.0741101503372192
rung4,camera:0.5,56,1.0397095680236816
rung4,camera:0.5,57,1.3333489894866943
rung4,camera:0.5,58,1.8500375747680664
rung4,camera:0.5,59,1.1718320846557617
rung4,camera:0.5,60,0.3777296543121338
rung4,camera:0.5,61,0.3025243878364563
rung4,camera:0.5,62,0.3322848081588745
rung4,camera:0.5,63,0.6226856708526611
rung4,camera:0.5,64,1.0417108535766602
rung4,camera:0.5,65,1.539499044418335
rung4,camera:0.5,66,1.5647225379943848
rung4,camera:0.5,67,1.3573178052902222
rung4,camera:0.5,68,1.3110727071762085
rung4,camera:0.5,69,1.3383779525756836
rung4,camera:0.5,70,1.4708051681518555
rung4,camera:0.5,71,0.9776429533958435
rung4,camera:0.5,72,0.6565120220184326
rung4,camera:0.5,73,0.5953493118286133
rung4,camera:0.5,74,0.769827127456665
rung4,camera:0.5,75,0.6635122299194336
rung4,camera:0.5,76,0.5426517724990845
rung4,camera:0.5,77,0.2230413854122162
rung4,camera:0.5,78,0.14850784838199615
rung4,camera:0.5,79,0.18918858468532562
rung4,camera:0.5,80,0.37991929054260254
rung4,camera:0.5,81,0.4125956892967224
rung4,camera:0.5,82,0.4653412699699402
rung4,camera:0.5,83,0.5274041891098022
rung4,camera:0.5,84,0.6340115070343018
rung4,camera:0.5,85,0.484838604927063
rung4,camera:0.5,86,0.48325011134147644
rung4,camera:0.5,87,0.8250513672828674
rung4,camera:0.5,88,0.5111716985702515
rung4,camera:0.5,89,0.3192664384841919
rung4,camera:0.5,90,0.1905580759048462
rung4,camera:0.5,91,0.2997337579727173
rung4,camera:0.5,92,0.22138607501983643
rung4,camera:0.5,93,0.2544170022010803
rung4,camera:0.5,94,0.14396245777606964
rung4,camera:0.5,95,0.1321219950914383
rung4,camera:0.5,96,0.11447650194168091
rung4,camera:0.5,97,0.1157866045832634
rung4,camera:0.5,98,0.07644634693861008
rung4,camera:0.5,99,0.1051425188779831
rung4,camera:0.5,100,0.13987889885902405
rung4,camera:0.5,101,0.331037700176239
rung4,camera:0.5,102,0.29374560713768005
rung4,camera:0.5,103,0.0766657218337059
rung4,camera:0.5,104,0.10797718167304993
rung4,camera:0.5,105,0.2479245364665985
rung4,camera:0.5,106,0.22059626877307892
rung4,camera:0.5,107,0.05995199456810951
rung4,camera:0.5,108,0.08767211437225342
rung4,camera:0.5,109,0.360412061214447
rung4,camera:0.5,110,0.22412918508052826
rung4,camera:0.5,111,0.11492050439119339
rung4,camera:0.5,112,0.14467167854309082
rung4,camera:0.5,113,0.2821216881275177
rung4,camera:0.5,114,0.28826552629470825
rung4,camera:0.5,115,0.20340439677238464
rung4,camera:0.5,116,0.1610051691532135
rung4,camera:0.5,117,0.234750896692276
rung4,camera:0.5,118,0.29403164982795715
rung4,camera:0.5,119,0.23016950488090515
rung4,camera:0.5,120,0.17154531180858612
rung4,camera:0.5,121,0.20018815994262695
rung4,camera:0.5,122,0.32211899757385254
rung4,camera:0.5,123,0.27768033742904663
rung4,camera:0.5,124,0.16948539018630981
rung4,camera:0.5,125,0.1595647633075714
rung4,camera:0.5,126,0.339948832988739
rung4,camera:0.5,127,0.31459134817123413
rung4,camera:0.5,128,0.1469046175479889
rung4,camera:0.5,129,0.18619060516357422
rung4,camera:0.5,130,0.3095448315143585
rung4,camera:0.5,131,0.28039437532424927
rung4,camera:0.5,132,0.14804236590862274
rung4,camera:0.5,133,0.1810297667980194
rung4,camera:0.5,134,0.2246631681919098
rung4,camera:0.5,135,0.2488214075565338
rung4,camera:0.5,136,0.20104947686195374
rung4,camera:0.5,137,0.2085292935371399
rung4,camera:0.5,138,0.2308395653963089
rung4,camera:0.5,139,0.3204782009124756
rung4,camera:0.5,140,0.24409297108650208
rung4,camera:0.5,141,0.14538264274597168
rung4,camera:0.5,142,0.1802203208208084
rung4,camera:0.5,143,0.29606515169143677
rung4,camera:0.5,144,0.2840600609779358
rung4,camera:0.5,145,0.19668710231781006
rung4,camera:0.5,146,0.1971871256828308
rung4,camera:0.5,147,0.27650338411331177
rung4,camera:0.5,148,0.27518317103385925
rung4,camera:0.5,149,0.12808269262313843
rung4,camera:0.5,150,0.15503814816474915
rung4,camera:0.5,151,0.2987789809703827
rung4,camera:0.5,152,0.27435848116874695
rung4,camera:0.5,153,0.18785491585731506
rung4,camera:0.5,154,0.21876361966133118
rung4,camera:0.5,155,0.3981127142906189
rung4,camera:0.5,156,0.18151777982711792
rung4,camera:0.5,157,0.86966872215271
rung4,camera:0.5,158,0.48895132541656494
rung4,camera:0.5,159,0.38280218839645386
rung4,camera:0.5,160,0.24350528419017792
rung4,camera:0.5,161,0.21665126085281372
rung4,camera:0.5,162,0.3430796265602112
rung4,camera:0.5,163,0.17825932800769806
rung4,camera:0.5,164,0.19177678227424622
rung4,camera:0.5,165,0.20882493257522583
rung4,camera:0.5,166,0.3373655080795288
rung4,camera:0.5,167,0.14554069936275482
rung4,camera:0.5,168,0.14905227720737457
rung4,camera:0.5,169,0.13600385189056396
rung4,camera:0.5,170,0.3061789274215698
rung4,camera:0.5,171,0.27668583393096924
rung4,camera:0.5,172,0.25562432408332825
rung4,camera:0.5,173,0.4253818988800049
rung4,camera:0.5,174,0.4656934142112732
rung4,camera:0.5,175,0.2506158947944641
rung4,camera:0.5,176,0.16305027902126312
rung4,camera:0.5,177,0.3310079574584961
rung4,camera:0.5,178,0.2709447741508484
rung4,camera:0.5,179,0.26906633377075195
rung4,camera:0.5,180,0.19982489943504333
rung4,camera:0.5,181,0.26407498121261597
rung4,camera:0.5,182,0.24598853290081024
rung4,camera:0.5,183,0.2435542196035385
rung4,camera:0.5,184,0.2432863712310791
rung4,camera:0.5,185,0.23841488361358643
rung4,camera:0.5,186,0.14205938577651978
rung4,camera:0.5,187,0.28554028272628784
rung4,camera:0.5,188,0.3263784945011139
rung4,camera:0.5,189,0.19320273399353027
rung4,camera:0.5,190,0.2781408429145813
rung4,camera:0.5,191,0.24464640021324158
rung4,camera:0.5,192,0.16212710738182068
rung4,camera:0.5,193,0.1366933137178421
rung4,camera:0.5,194,0.17161542177200317
rung4,camera:0.5,195,0.2620249390602112
rung4,camera:0.5,196,0.29048800468444824
rung4,camera:0.5,197,0.2965805232524872
rung4,camera:0.5,198,0.6284077763557434
rung4,camera:0.5,199,0.5893810987472534
rung4,camera:0.5,200,0.6336736679077148
rung4,camera:0.5,201,1.1293494701385498
rung4,camera:0.5,202,1.433560848236084
rung4,camera:0.5,203,1.3008379936218262
rung4,camera:0.5,204,1.4828455448150635
rung4,camera:0.5,205,1.139660120010376
rung4,camera:0.5,206,1.205710768699646
rung4,camera:0.5,207,0.8523972630500793
rung4,camera:0.5,208,0.8040838837623596
rung4,camera:0.5,209,1.5323655605316162
rung4,camera:0.5,210,2.0045268535614014
rung4,camera:0.5,211,2.030827045440674
rung4,camera:0.5,212,0.9541302919387817
rung4,camera:0.5,213,0.9816224575042725
rung4,camera:0.5,214,1.821345567703247
rung4,camera:0.5,215,3.767396926879883
rung4,camera:0.5,216,3.713107109069824
rung4,camera:0.5,217,0.6401525735855103
rung4,camera:0.5,218,0.7236205339431763
rung4,camera:0.5,219,0.7044399976730347
rung4,camera:0.5,220,0.5224717855453491
rung4,camera:0.5,221,0.36115601658821106
rung4,camera:0.5,222,0.3056916296482086
rung4,camera:0.5,223,0.21697857975959778
rung4,camera:0.5,224,0.48003607988357544
rung4,camera:0.5,225,0.6497313380241394
rung4,camera:0.5,226,0.7186558842658997
rung4,camera:0.5,227,0.6564657688140869
rung4,camera:0.5,228,0.5407497882843018
rung4,camera:0.5,229,0.3877578377723694
rung4,camera:0.5,230,0.6988490223884583
rung4,camera:0.5,231,0.745060920715332
rung4,camera:0.5,232,0.5911703109741211
rung4,camera:0.5,233,0.3571561276912689
rung4,camera:0.5,234,0.22714446485042572
rung4,camera:0.5,235,0.3036895990371704
rung4,camera:0.5,236,0.27276018261909485
rung4,camera:0.5,237,0.1798509955406189
rung4,camera:0.5,238,0.18706858158111572
rung4,camera:0.5,239,0.1858445107936859
rung4,camera:0.5,240,0.27216190099716187
rung4,camera:0.5,241,0.26454880833625793
rung4,camera:0.5,242,0.18096451461315155
rung4,camera:0.5,243,0.07432019710540771
rung4,camera:0.5,244,0.2142496109008789
rung4,camera:0.5,245,0.1362815499305725
rung4,camera:0.5,246,0.19876495003700256
rung4,camera:0.5,247,0.09455757588148117
rung4,camera:0.5,248,0.1353648155927658
rung4,camera:0.5,249,0.16095268726348877
rung4,camera:0.5,250,0.1050960123538971
rung4,camera:0.5,251,0.1035384088754654
rung4,camera:0.5,252,0.09280002862215042
rung4,camera:0.5,253,0.12534263730049133
rung4,camera:0.5,254,0.3869413137435913
rung4,camera:0.5,255,0.2828448414802551
rung4,camera:0.5,256,0.46470609307289124
rung4,camera:0.5,257,0.3984503149986267
rung4,camera:0.5,258,0.4547351002693176
rung4,camera:0.5,259,0.6621413230895996
rung4,camera:0.5,260,0.9971346855163574
rung4,camera:0.5,261,1.2878786325454712
rung4,camera:0.5,262,2.133134126663208
rung4,camera:0.5,263,2.093623399734497
rung4,camera:0.5,264,0.5960893630981445
rung4,camera:0.5,265,0.3120366334915161
rung4,camera:0.5,266,0.42283910512924194
rung4,camera:0.5,267,0.44195371866226196
rung4,camera:0.5,268,0.20171278715133667
rung4,camera:0.5,269,0.3853992819786072
rung4,camera:0.5,270,0.29744189977645874
rung4,camera:0.5,271,0.47132056951522827
rung4,camera:0.5,272,0.25763729214668274
rung4,camera:0.5,273,0.13789519667625427
rung4,camera:0.5,274,0.1351768970489502
rung4,camera:0.5,275,0.18825498223304749
rung4,camera:0.5,276,0.13558366894721985
rung4,camera:0.5,277,0.13279962539672852
rung4,camera:0.5,278,0.18471413850784302
rung4,camera:0.5,279,0.1555536836385727
rung4,camera:0.5,280,0.1860816776752472
rung4,camera:0.5,281,0.17074477672576904
rung4,camera:0.5,282,0.22766275703907013
rung4,camera:0.5,283,0.2747214436531067
rung4,camera:0.5,284,0.32175445556640625
rung4,camera:0.5,285,0.33251747488975525
rung4,camera:0.5,286,0.44095131754875183
rung4,camera:0.5,287,0.5265344977378845
rung4,camera:0.5,288,0.5478752851486206
rung4,camera:0.5,289,0.3558511435985565
rung4,camera:0.5,290,0.3607550859451294
rung4,camera:0.5,291,0.4907963275909424
rung4,camera:0.5,292,0.3849670886993408
rung4,camera:0.5,293,0.26352232694625854
rung4,camera:0.5,294,0.19251182675361633
rung4,camera:0.5,295,0.4170777499675751
rung4,camera:0.5,296,0.37442243099212646
rung4,camera:0.5,297,0.23167765140533447
rung4,camera:0.5,298,0.2351740300655365
rung4,camera:0.5,299,0.4591844081878662
rung4,camera:0.5,300,0.43485718965530396
rung4,camera:0.5,301,0.4603317081928253
rung4,camera:0.5,302,0.5496596097946167
rung4,camera:0.5,303,0.9808912873268127
rung4,camera:0.5,304,1.1776108741760254
rung4,camera:0.5,305,0.5992169380187988
rung4,camera:0.5,306,0.4665507674217224
rung4,camera:0.5,307,0.5369198322296143
rung4,camera:0.5,308,0.5598695874214172
rung4,camera:0.5,309,0.8084948062896729
rung4,camera:0.5,310,0.9021035432815552
rung4,camera:0.5,311,1.1659090518951416
rung4,camera:0.5,312,0.6494088172912598
rung4,camera:0.5,313,0.8420042395591736
rung4,camera:0.5,314,0.264820396900177
rung4,camera:0.5,315,0.5327114462852478
rung4,camera:0.5,316,0.6302640438079834
rung4,camera:0.5,317,0.6992062926292419
rung4,camera:0.5,318,0.7685573101043701
rung4,camera:0.5,319,0.5173154473304749
rung4,camera:0.5,320,1.0712733268737793
rung4,camera:0.5,321,0.5950140357017517
rung4,camera:0.5,322,0.0332009419798851
rung4,camera:0.5,323,0.045714545994997025
rung4,camera:0.5,324,0.0682096928358078
rung4,camera:0.5,325,0.09212303906679153
rung4,camera:0.5,326,0.11284175515174866
rung4,camera:0.5,327,0.1437009871006012
rung4,camera:0.5,328,0.1711443066596985
rung4,camera:0.5,329,0.1839432418346405
rung4,camera:0.5,330,0.15432918071746826
rung4,camera:0.5,331,0.04471556097269058
rung4,camera:0.5,332,0.020437899976968765
rung4,camera:0.5,333,0.013732479885220528
rung4,camera:0.5,334,0.030216034501791
rung4,camera:0.5,335,0.09958922863006592
rung4,camera:0.5,336,0.2140301913022995
rung4,camera:0.5,337,0.33814096450805664
rung4,camera:0.5,338,0.4573543071746826
rung4,camera:0.5,339,0.5755543112754822
rung4,camera:0.5,340,0.5972594022750854
rung4,camera:0.5,341,0.748175859451294
rung4,camera:0.5,342,0.2792987823486328
rung4,camera:0.5,343,0.42894840240478516
rung4,camera:0.5,344,0.32780787348747253
rung4,camera:0.5,345,0.6868372559547424
rung4,camera:0.5,346,1.2540838718414307
rung4,camera:0.5,347,2.0709311962127686
rung4,camera:0.5,348,1.6519947052001953
rung4,camera:0.5,349,0.6479840278625488
rung4,camera:0.5,350,0.4261986017227173
rung4,camera:0.5,351,0.4773116111755371
rung4,camera:0.5,352,0.6049799919128418
rung4,camera:0.5,353,0.460817813873291
rung4,camera:0.5,354,0.3766755163669586
rung4,camera:0.5,355,0.69660484790802
rung4,camera:0.5,356,0.24637869000434875
rung4,camera:0.5,357,0.1973540186882019
rung4,camera:0.5,358,0.24087262153625488
rung4,camera:0.5,359,0.30453845858573914
rung4,camera:0.5,360,0.7150368690490723
rung4,camera:0.5,361,0.3945409655570984
rung4,camera:0.5,362,0.4855135679244995
rung4,camera:0.5,363,0.8992630243301392
rung4,camera:0.5,364,0.5982692837715149
rung4,camera:0.5,365,0.37516921758651733
rung4,camera:0.5,366,0.6730353236198425
rung4,camera:0.5,367,0.5578136444091797
rung4,camera:0.5,368,0.16931791603565216
rung4,camera:0.5,369,0.32705971598625183
rung4,camera:0.5,370,0.49296337366104126
rung4,camera:0.5,371,0.6956164836883545
rung4,camera:0.5,372,0.2911947965621948
rung4,camera:0.5,373,0.40273621678352356
rung4,camera:0.5,374,0.8261231184005737
rung4,camera:0.5,375,1.4129058122634888
rung4,camera:0.5,376,2.0862741470336914
rung4,camera:0.5,377,2.932361364364624
rung4,camera:0.5,378,3.583289623260498
rung4,camera:0.5,379,0.9741328358650208
rung4,camera:0.5,380,1.5751214027404785
rung4,camera:0.5,381,0.7520959377288818
rung4,camera:0.5,382,0.15372076630592346
rung4,camera:0.5,383,0.42421963810920715
rung4,camera:0.5,384,0.22559300065040588
rung4,camera:0.5,385,0.2403101921081543
rung4,camera:0.5,386,0.38841497898101807
rung4,camera:0.5,387,0.30936917662620544
rung4,camera:0.5,388,0.40142229199409485
rung4,camera:0.5,389,0.5130256414413452
rung4,camera:0.5,390,0.2127911001443863
rung4,camera:0.5,391,0.19669941067695618
rung4,camera:0.5,392,0.32050180435180664
rung4,camera:0.5,393,0.5347728133201599
rung4,camera:0.5,394,0.24913382530212402
rung4,camera:0.5,395,0.20512303709983826
rung4,camera:0.5,396,0.08530181646347046
rung4,camera:0.5,397,0.3209867477416992
rung4,camera:0.5,398,0.12449659407138824
rung4,camera:0.5,399,0.25046506524086
rung4,camera:0.5,400,0.1710723638534546
rung4,camera:0.5,401,0.480978786945343
rung4,camera:0.5,402,0.5459514856338501
rung4,camera:0.5,403,0.45199137926101685
rung4,camera:0.5,404,0.20126952230930328
rung4,camera:0.5,405,0.23678024113178253
rung4,camera:0.5,406,0.5712213516235352
rung4,camera:0.5,407,0.4380548596382141
rung4,camera:0.5,408,0.13653260469436646
rung4,camera:0.5,409,0.37800243496894836
rung4,camera:0.5,410,0.1850425899028778
rung4,camera:0.5,411,0.23327891528606415
rung4,camera:0.5,412,0.15384675562381744
rung4,camera:0.5,413,0.1651693880558014
rung4,camera:0.5,414,0.5167354345321655
rung4,camera:0.5,415,0.5341758131980896
rung4,camera:0.5,416,0.40364396572113037
rung4,camera:0.5,417,0.18200728297233582
rung4,camera:0.5,418,0.23014947772026062
rung4,camera:0.5,419,0.35581666231155396
rung4,camera:0.5,420,0.3560960590839386
rung4,camera:0.5,421,0.21367058157920837
rung4,camera:0.5,422,0.21358658373355865
rung4,camera:0.5,423,0.5289941430091858
rung4,camera:0.5,424,0.3325272798538208
rung4,camera:0.5,425,0.22088630497455597
rung4,camera:0.5,426,0.3158314824104309
rung4,camera:0.5,427,0.694707989692688
rung4,camera:0.5,428,0.40276825428009033
rung4,camera:0.5,429,0.13904638588428497
rung4,camera:0.5,430,0.16322258114814758
rung4,camera:0.5,431,0.4479408860206604
rung4,camera:0.5,432,0.5032331347465515
rung4,camera:0.5,433,0.1906234622001648
rung4,camera:0.5,434,0.1607893705368042
rung4,camera:0.5,435,0.23740553855895996
rung4,camera:0.5,436,0.40808919072151184
rung4,camera:0.5,437,0.22160017490386963
rung4,camera:0.5,438,0.16029027104377747
rung4,camera:0.5,439,0.19215522706508636
rung4,camera:0.5,440,0.35583579540252686
rung4,camera:0.5,441,0.38541343808174133
rung4,camera:0.5,442,0.15327909588813782
rung4,camera:0.5,443,0.190637469291687
rung4,camera:0.5,444,0.5756509304046631
rung4,camera:0.5,445,0.20819634199142456
rung4,camera:0.5,446,0.2746926546096802
rung4,camera:0.5,447,0.2511039674282074
rung4,camera:0.5,448,0.35743218660354614
rung4,camera:0.5,449,0.30851250886917114
rung4,camera:0.5,450,0.18230608105659485
rung4,camera:0.5,451,0.3333625793457031
rung4,camera:0.5,452,0.2432519495487213
rung4,camera:0.5,453,0.26979583501815796
rung4,camera:0.5,454,0.32508349418640137
rung4,camera:0.5,455,0.42639827728271484
rung4,camera:0.5,456,0.41104140877723694
rung4,camera:0.5,457,0.8497467041015625
rung4,camera:0.5,458,1.1967613697052002
rung4,camera:0.5,459,1.2480411529541016
rung4,camera:0.5,460,1.19858980178833
rung4,camera:0.5,461,0.8808912038803101
rung4,camera:0.5,462,0.16009274125099182
rung4,camera:0.5,463,0.36890077590942383
rung4,camera:0.5,464,0.5500491261482239
rung4,camera:0.5,465,0.7369753122329712
rung4,camera:0.5,466,0.92490553855896
rung4,camera:0.5,467,0.748116672039032
rung4,camera:0.5,468,1.0312551259994507
rung4,camera:0.5,469,0.7291659712791443
rung4,camera:0.5,470,0.8605116009712219
rung4,camera:0.5,471,0.4912898540496826
rung4,camera:0.5,472,0.12256662547588348
rung4,camera:0.5,473,0.03828544542193413
rung4,camera:0.5,474,0.03648466244339943
rung4,camera:0.5,475,0.02494676038622856
rung4,camera:0.5,476,0.009459607303142548
rung4,camera:0.5,477,0.008597222156822681
rung4,camera:0.5,478,0.008362933993339539
rung4,camera:0.5,479,0.008543165400624275
rung4,camera:1.0,0,0.5068557858467102
rung4,camera:1.0,1,0.8874428272247314
rung4,camera:1.0,2,0.22996875643730164
rung4,camera:1.0,3,0.1666572391986847
rung4,camera:1.0,4,0.16499024629592896
rung4,camera:1.0,5,0.3182944059371948
rung4,camera:1.0,6,0.5163201093673706
rung4,camera:1.0,7,0.19413544237613678
rung4,camera:1.0,8,0.33782896399497986
rung4,camera:1.0,9,0.3631718158721924
rung4,camera:1.0,10,1.2120155096054077
rung4,camera:1.0,11,0.286292165517807
rung4,camera:1.0,12,0.2628311514854431
rung4,camera:1.0,13,0.17053928971290588
rung4,camera:1.0,14,0.23337119817733765
rung4,camera:1.0,15,0.1689239889383316
rung4,camera:1.0,16,0.1807938665151596
rung4,camera:1.0,17,0.14253857731819153
rung4,camera:1.0,18,0.20196208357810974
rung4,camera:1.0,19,0.2014201134443283
rung4,camera:1.0,20,0.0962747186422348
rung4,camera:1.0,21,0.14106282591819763
rung4,camera:1.0,22,0.17351776361465454
rung4,camera:1.0,23,0.18285170197486877
rung4,camera:1.0,24,0.13416042923927307
rung4,camera:1.0,25,0.16153894364833832
rung4,camera:1.0,26,0.2500985264778137
rung4,camera:1.0,27,0.20208187401294708
rung4,camera:1.0,28,0.11636616289615631
rung4,camera:1.0,29,0.14931264519691467
rung4,camera:1.0,30,0.2162087857723236
rung4,camera:1.0,31,0.14943242073059082
rung4,camera:1.0,32,0.08274960517883301
rung4,camera:1.0,33,0.313859760761261
rung4,camera:1.0,34,0.11277632415294647
rung4,camera:1.0,35,0.2513921856880188
rung4,camera:1.0,36,0.1664731651544571
rung4,camera:1.0,37,0.11282478272914886
rung4,camera:1.0,38,0.0997808426618576
rung4,camera:1.0,39,0.20359677076339722
rung4,camera:1.0,40,0.11677079647779465
rung4,camera:1.0,41,0.24388036131858826
rung4,camera:1.0,42,0.622692883014679
rung4,camera:1.0,43,0.11712396889925003
rung4,camera:1.0,44,0.15991918742656708
rung4,camera:1.0,45,0.10089664161205292
rung4,camera:1.0,46,0.10954296588897705
rung4,camera:1.0,47,0.3019547164440155
rung4,camera:1.0,48,0.3726712167263031
rung4,camera:1.0,49,0.390262246131897
rung4,camera:1.0,50,0.629058301448822
rung4,camera:1.0,51,0.93922358751297
rung4,camera:1.0,52,0.5531335473060608
rung4,camera:1.0,53,0.5173255205154419
rung4,camera:1.0,54,0.31420859694480896
rung4,camera:1.0,55,0.6631978750228882
rung4,camera:1.0,56,0.9573414921760559
rung4,camera:1.0,57,1.186947226524353
rung4,camera:1.0,58,1.3217167854309082
rung4,camera:1.0,59,0.2206304371356964
rung4,camera:1.0,60,0.27027004957199097
rung4,camera:1.0,61,0.3800182640552521
rung4,camera:1.0,62,0.7239132523536682
rung4,camera:1.0,63,0.9201378226280212
rung4,camera:1.0,64,1.2323225736618042
rung4,camera:1.0,65,1.590108871459961
rung4,camera:1.0,66,1.9958606958389282
rung4,camera:1.0,67,1.8382973670959473
rung4,camera:1.0,68,1.6512115001678467
rung4,camera:1.0,69,1.8657586574554443
rung4,camera:1.0,70,2.1109719276428223
rung4,camera:1.0,71,1.3922561407089233
rung4,camera:1.0,72,0.6368345022201538
rung4,camera:1.0,73,0.45358163118362427
rung4,camera:1.0,74,0.6160768866539001
rung4,camera:1.0,75,0.457006573677063
rung4,camera:1.0,76,0.5292258858680725
rung4,camera:1.0,77,0.23857258260250092
rung4,camera:1.0,78,0.22155281901359558
rung4,camera:1.0,79,0.3061867952346802
rung4,camera:1.0,80,0.30216729640960693
rung4,camera:1.0,81,0.36277228593826294
rung4,camera:1.0,82,0.43792396783828735
rung4,camera:1.0,83,0.4743722379207611
rung4,camera:1.0,84,0.5627889037132263
rung4,camera:1.0,85,0.4524243474006653
rung4,camera:1.0,86,0.5133106708526611
rung4,camera:1.0,87,0.8054534792900085
rung4,camera:1.0,88,0.6818068027496338
rung4,camera:1.0,89,0.1653134822845459
rung4,camera:1.0,90,0.3862665891647339
rung4,camera:1.0,91,0.5403851270675659
rung4,camera:1.0,92,0.22926490008831024
rung4,camera:1.0,93,0.2249700129032135
rung4,camera:1.0,94,0.1550912857055664
rung4,camera:1.0,95,0.23429106175899506
rung4,camera:1.0,96,0.10924768447875977
rung4,camera:1.0,97,0.08202463388442993
rung4,camera:1.0,98,0.10083475708961487
rung4,camera:1.0,99,0.11613664776086807
rung4,camera:1.0,100,0.12062457203865051
rung4,camera:1.0,101,0.29531994462013245
rung4,camera:1.0,102,0.22803397476673126
rung4,camera:1.0,103,0.18267692625522614
rung4,camera:1.0,104,0.0958058089017868
rung4,camera:1.0,105,0.2561197876930237
rung4,camera:1.0,106,0.16849713027477264
rung4,camera:1.0,107,0.15425334870815277
rung4,camera:1.0,108,0.08311363309621811
rung4,camera:1.0,109,0.2188268005847931
rung4,camera:1.0,110,0.15492476522922516
rung4,camera:1.0,111,0.3975040316581726
rung4,camera:1.0,112,0.10471321642398834
rung4,camera:1.0,113,0.1542300134897232
rung4,camera:1.0,114,0.20778784155845642
rung4,camera:1.0,115,0.3660876154899597
rung4,camera:1.0,116,0.23841315507888794
rung4,camera:1.0,117,0.17813414335250854
rung4,camera:1.0,118,0.24321290850639343
rung4,camera:1.0,119,0.18071424961090088
rung4,camera:1.0,120,0.1692253053188324
rung4,camera:1.0,121,0.18126726150512695
rung4,camera:1.0,122,0.20880690217018127
rung4,camera:1.0,123,0.19251450896263123
rung4,camera:1.0,124,0.2906058132648468
rung4,camera:1.0,125,0.2070465385913849
rung4,camera:1.0,126,0.1531979739665985
rung4,camera:1.0,127,0.25760865211486816
rung4,camera:1.0,128,0.5706002712249756
rung4,camera:1.0,129,0.1612074077129364
rung4,camera:1.0,130,0.14156574010849
rung4,camera:1.0,131,0.1464744657278061
rung4,camera:1.0,132,0.45190566778182983
rung4,camera:1.0,133,0.25172048807144165
rung4,camera:1.0,134,0.15023669600486755
rung4,camera:1.0,135,0.15593110024929047
rung4,camera:1.0,136,0.3359863758087158
rung4,camera:1.0,137,0.1783827245235443
rung4,camera:1.0,138,0.18632106482982635
rung4,camera:1.0,139,0.1468711942434311
rung4,camera:1.0,140,0.1784300059080124
rung4,camera:1.0,141,0.20159871876239777
rung4,camera:1.0,142,0.1525888293981552
rung4,camera:1.0,143,0.2566312849521637
rung4,camera:1.0,144,0.2477511465549469
rung4,camera:1.0,145,0.17084090411663055
rung4,camera:1.0,146,0.19254207611083984
rung4,camera:1.0,147,0.2774955630302429
rung4,camera:1.0,148,0.22566089034080505
rung4,camera:1.0,149,0.14593854546546936
rung4,camera:1.0,150,0.18144622445106506
rung4,camera:1.0,151,0.23810184001922607
rung4,camera:1.0,152,0.231263667345047
rung4,camera:1.0,153,0.22888797521591187
rung4,camera:1.0,154,0.2765031158924103
rung4,camera:1.0,155,0.42699098587036133
rung4,camera:1.0,156,0.34605106711387634
rung4,camera:1.0,157,0.5742921829223633
rung4,camera:1.0,158,0.46856096386909485
rung4,camera:1.0,159,0.39088737964630127
rung4,camera:1.0,160,0.4457548260688782
rung4,camera:1.0,161,0.43072763085365295
rung4,camera:1.0,162,0.44232332706451416
rung4,camera:1.0,163,0.19470927119255066
rung4,camera:1.0,164,0.2062990665435791
rung4,camera:1.0,165,0.1973700225353241
rung4,camera:1.0,166,0.3300418257713318
rung4,camera:1.0,167,0.11595550179481506
rung4,camera:1.0,168,0.13314716517925262
rung4,camera:1.0,169,0.12692372500896454
rung4,camera:1.0,170,0.1485125869512558
rung4,camera:1.0,171,0.1748809963464737
rung4,camera:1.0,172,0.21773187816143036
rung4,camera:1.0,173,0.31168505549430847
rung4,camera:1.0,174,0.3452448844909668
rung4,camera:1.0,175,0.5688719749450684
rung4,camera:1.0,176,0.8906486630439758
rung4,camera:1.0,177,0.19078591465950012
rung4,camera:1.0,178,0.5380938649177551
rung4,camera:1.0,179,0.36993208527565
rung4,camera:1.0,180,0.18019577860832214
rung4,camera:1.0,181,0.10285793989896774
rung4,camera:1.0,182,0.07627291977405548
rung4,camera:1.0,183,0.12836460769176483
rung4,camera:1.0,184,0.07246091216802597
rung4,camera:1.0,185,0.07447610795497894
rung4,camera:1.0,186,0.2236904799938202
rung4,camera:1.0,187,0.05093506723642349
rung4,camera:1.0,188,0.060433316975831985
rung4,camera:1.0,189,0.1491524875164032
rung4,camera:1.0,190,0.07085371017456055
rung4,camera:1.0,191,0.15877223014831543
rung4,camera:1.0,192,0.09763734042644501
rung4,camera:1.0,193,0.08213768899440765
rung4,camera:1.0,194,0.22174866497516632
rung4,camera:1.0,195,0.3656027317047119
rung4,camera:1.0,196,0.15139314532279968
rung4,camera:1.0,197,0.27376922965049744
rung4,camera:1.0,198,0.3907696008682251
rung4,camera:1.0,199,0.4025214612483978
rung4,camera:1.0,200,0.45582252740859985
rung4,camera:1.0,201,1.2796276807785034
rung4,camera:1.0,202,1.2694594860076904
rung4,camera:1.0,203,1.139512300491333
rung4,camera:1.0,204,1.0775114297866821
rung4,camera:1.0,205,0.4697434902191162
rung4,camera:1.0,206,0.4778499901294708
rung4,camera:1.0,207,0.4070437252521515
rung4,camera:1.0,208,1.0563958883285522
rung4,camera:1.0,209,2.7381672859191895
rung4,camera:1.0,210,3.381159543991089
rung4,camera:1.0,211,2.6428439617156982
rung4,camera:1.0,212,2.2687604427337646
rung4,camera:1.0,213,2.9173362255096436
rung4,camera:1.0,214,3.5331292152404785
rung4,camera:1.0,215,4.731359004974365
rung4,camera:1.0,216,2.0455715656280518
rung4,camera:1.0,217,0.1446688026189804
rung4,camera:1.0,218,0.5513944625854492
rung4,camera:1.0,219,0.4009209871292114
rung4,camera:1.0,220,0.680932343006134
rung4,camera:1.0,221,0.4966548681259155
rung4,camera:1.0,222,0.30622759461402893
rung4,camera:1.0,223,0.17680728435516357
rung4,camera:1.0,224,0.5134613513946533
rung4,camera:1.0,225,0.6551614999771118
rung4,camera:1.0,226,0.4557466506958008
rung4,camera:1.0,227,0.544230580329895
rung4,camera:1.0,228,0.4354071319103241
rung4,camera:1.0,229,0.3075956702232361
rung4,camera:1.0,230,0.6402519941329956
rung4,camera:1.0,231,0.6765446662902832
rung4,camera:1.0,232,0.7358977794647217
rung4,camera:1.0,233,0.6582852005958557
rung4,camera:1.0,234,0.45418375730514526
rung4,camera:1.0,235,0.5421530604362488
rung4,camera:1.0,236,0.7049089670181274
rung4,camera:1.0,237,0.24351713061332703
rung4,camera:1.0,238,0.18673652410507202
rung4,camera:1.0,239,0.25761592388153076
rung4,camera:1.0,240,0.6094895601272583
rung4,camera:1.0,241,0.8287330865859985
rung4,camera:1.0,242,0.13737624883651733
rung4,camera:1.0,243,0.17754773795604706
rung4,camera:1.0,244,0.6487120389938354
rung4,camera:1.0,245,0.16673696041107178
rung4,camera:1.0,246,0.14051111042499542
rung4,camera:1.0,247,0.13453030586242676
rung4,camera:1.0,248,0.19643595814704895
rung4,camera:1.0,249,0.16546183824539185
rung4,camera:1.0,250,0.3564903438091278
rung4,camera:1.0,251,0.15767160058021545
rung4,camera:1.0,252,0.21213282644748688
rung4,camera:1.0,253,0.2575072646141052
rung4,camera:1.0,254,0.5917486548423767
rung4,camera:1.0,255,0.2590615451335907
rung4,camera:1.0,256,0.5100516080856323
rung4,camera:1.0,257,0.42529916763305664
rung4,camera:1.0,258,0.42756032943725586
rung4,camera:1.0,259,0.5920273661613464
rung4,camera:1.0,260,0.8135248422622681
rung4,camera:1.0,261,1.2279777526855469
rung4,camera:1.0,262,1.991551399230957
rung4,camera:1.0,263,1.90091872215271
rung4,camera:1.0,264,0.9250913858413696
rung4,camera:1.0,265,0.6628494262695312
rung4,camera:1.0,266,0.7097663879394531
rung4,camera:1.0,267,0.796014666557312
rung4,camera:1.0,268,0.4242839813232422
rung4,camera:1.0,269,0.09431468695402145
rung4,camera:1.0,270,0.16513344645500183
rung4,camera:1.0,271,0.19828210771083832
rung4,camera:1.0,272,1.502017855644226
rung4,camera:1.0,273,0.6875553727149963
rung4,camera:1.0,274,0.24725979566574097
rung4,camera:1.0,275,0.6472986936569214
rung4,camera:1.0,276,0.692753791809082
rung4,camera:1.0,277,0.5998189449310303
rung4,camera:1.0,278,0.17029821872711182
rung4,camera:1.0,279,0.3227528929710388
rung4,camera:1.0,280,0.6778417229652405
rung4,camera:1.0,281,0.2986301779747009
rung4,camera:1.0,282,0.15336503088474274
rung4,camera:1.0,283,0.1616482436656952
rung4,camera:1.0,284,0.3621709942817688
rung4,camera:1.0,285,0.16502399742603302
rung4,camera:1.0,286,0.24584856629371643
rung4,camera:1.0,287,0.19261276721954346
rung4,camera:1.0,288,0.11940986663103104
rung4,camera:1.0,289,0.1555105745792389
rung4,camera:1.0,290,0.1953325867652893
rung4,camera:1.0,291,0.2661048173904419
rung4,camera:1.0,292,0.1105656549334526
rung4,camera:1.0,293,0.16322779655456543
rung4,camera:1.0,294,0.36876335740089417
rung4,camera:1.0,295,0.167376309633255
rung4,camera:1.0,296,0.1094512864947319
rung4,camera:1.0,297,0.33983317017555237
rung4,camera:1.0,298,0.47363972663879395
rung4,camera:1.0,299,0.36747172474861145
rung4,camera:1.0,300,0.2240990400314331
rung4,camera:1.0,301,0.9535751938819885
rung4,camera:1.0,302,0.3821931481361389
rung4,camera:1.0,303,0.29566869139671326
rung4,camera:1.0,304,0.4807453751564026
rung4,camera:1.0,305,0.17224040627479553
rung4,camera:1.0,306,1.275033950805664
rung4,camera:1.0,307,0.8902590274810791
rung4,camera:1.0,308,1.2018063068389893
rung4,camera:1.0,309,0.9129557609558105
rung4,camera:1.0,310,2.2356109619140625
rung4,camera:1.0,311,1.6894872188568115
rung4,camera:1.0,312,0.6678457260131836
rung4,camera:1.0,313,0.9917672276496887
rung4,camera:1.0,314,0.5713261365890503
rung4,camera:1.0,315,0.37745535373687744
rung4,camera:1.0,316,0.8614766597747803
rung4,camera:1.0,317,1.365781545639038
rung4,camera:1.0,318,1.4381533861160278
rung4,camera:1.0,319,0.931372880935669
rung4,camera:1.0,320,1.077171802520752
rung4,camera:1.0,321,0.5688413381576538
rung4,camera:1.0,322,0.03109040856361389
rung4,camera:1.0,323,0.04286397248506546
rung4,camera:1.0,324,0.06732965260744095
rung4,camera:1.0,325,0.0880475789308548
rung4,camera:1.0,326,0.11318489164113998
rung4,camera:1.0,327,0.1279471218585968
rung4,camera:1.0,328,0.16167059540748596
rung4,camera:1.0,329,0.17658686637878418
rung4,camera:1.0,330,0.11211520433425903
rung4,camera:1.0,331,0.06793650984764099
rung4,camera:1.0,332,0.018221423029899597
rung4,camera:1.0,333,0.008798405528068542
rung4,camera:1.0,334,0.034043584018945694
rung4,camera:1.0,335,0.10046494007110596
rung4,camera:1.0,336,0.21437685191631317
rung4,camera:1.0,337,0.3404550850391388
rung4,camera:1.0,338,0.4521362781524658
rung4,camera:1.0,339,0.5806515216827393
rung4,camera:1.0,340,0.3702627420425415
rung4,camera:1.0,341,1.5092885494232178
rung4,camera:1.0,342,3.704653263092041
rung4,camera:1.0,343,1.6666653156280518
rung4,camera:1.0,344,0.3232872784137726
rung4,camera:1.0,345,0.6743621230125427
rung4,camera:1.0,346,1.2412835359573364
rung4,camera:1.0,347,2.0626354217529297
rung4,camera:1.0,348,0.7052225470542908
rung4,camera:1.0,349,0.4624556601047516
rung4,camera:1.0,350,0.38363179564476013
rung4,camera:1.0,351,0.5074236392974854
rung4,camera:1.0,352,0.2308482974767685
rung4,camera:1.0,353,0.3485246002674103
rung4,camera:1.0,354,0.5969313383102417
rung4,camera:1.0,355,0.4991322159767151
rung4,camera:1.0,356,0.08760698139667511
rung4,camera:1.0,357,0.17798464000225067
rung4,camera:1.0,358,0.3825957179069519
rung4,camera:1.0,359,0.26483386754989624
rung4,camera:1.0,360,0.7149099111557007
rung4,camera:1.0,361,0.4268409013748169
rung4,camera:1.0,362,0.36384862661361694
rung4,camera:1.0,363,1.1227524280548096
rung4,camera:1.0,364,0.6997635364532471
rung4,camera:1.0,365,0.34239113330841064
rung4,camera:1.0,366,0.6412429809570312
rung4,camera:1.0,367,0.7323693037033081
rung4,camera:1.0,368,0.5324074029922485
rung4,camera:1.0,369,0.9824819564819336
rung4,camera:1.0,370,0.8117028474807739
rung4,camera:1.0,371,0.7923312187194824
rung4,camera:1.0,372,0.604590654373169
rung4,camera:1.0,373,0.43689996004104614
rung4,camera:1.0,374,0.8224641680717468
rung4,camera:1.0,375,1.3929023742675781
rung4,camera:1.0,376,1.7601776123046875
rung4,camera:1.0,377,2.543207883834839
rung4,camera:1.0,378,2.4641318321228027
rung4,camera:1.0,379,1.6244717836380005
rung4,camera:1.0,380,2.910372018814087
rung4,camera:1.0,381,2.3224189281463623
rung4,camera:1.0,382,1.095203161239624
rung4,camera:1.0,383,0.18154245615005493
rung4,camera:1.0,384,0.4640396237373352
rung4,camera:1.0,385,0.20519965887069702
rung4,camera:1.0,386,0.25027257204055786
rung4,camera:1.0,387,0.24962930381298065
rung4,camera:1.0,388,0.21196678280830383
rung4,camera:1.0,389,0.34125688672065735
rung4,camera:1.0,390,0.22076332569122314
rung4,camera:1.0,391,0.33324292302131653
rung4,camera:1.0,392,0.7901562452316284
rung4,camera:1.0,393,0.7533770799636841
rung4,camera:1.0,394,0.3541066646575928
rung4,camera:1.0,395,0.3318992853164673
rung4,camera:1.0,396,0.2505089342594147
rung4,camera:1.0,397,0.5881369709968567
rung4,camera:1.0,398,0.5332635045051575
rung4,camera:1.0,399,0.5507190823554993
rung4,camera:1.0,400,0.37972933053970337
rung4,camera:1.0,401,0.8191829323768616
rung4,camera:1.0,402,0.8205883502960205
rung4,camera:1.0,403,0.843096137046814
rung4,camera:1.0,404,0.3418098986148834
rung4,camera:1.0,405,0.26645636558532715
rung4,camera:1.0,406,0.9603321552276611
rung4,camera:1.0,407,0.7692500352859497
rung4,camera:1.0,408,0.15733382105827332
rung4,camera:1.0,409,0.3732747435569763
rung4,camera:1.0,410,0.17474603652954102
rung4,camera:1.0,411,0.3897742033004761
rung4,camera:1.0,412,0.23608312010765076
rung4,camera:1.0,413,0.19508254528045654
rung4,camera:1.0,414,0.6893028020858765
rung4,camera:1.0,415,0.7674775719642639
rung4,camera:1.0,416,0.2939096689224243
rung4,camera:1.0,417,0.2268974930047989
rung4,camera:1.0,418,0.30030983686447144
rung4,camera:1.0,419,0.3793026804924011
rung4,camera:1.0,420,0.26171445846557617
rung4,camera:1.0,421,0.39606139063835144
rung4,camera:1.0,422,0.22637403011322021
rung4,camera:1.0,423,0.41583383083343506
rung4,camera:1.0,424,0.38125288486480713
rung4,camera:1.0,425,0.21238522231578827
rung4,camera:1.0,426,0.3556702136993408
rung4,camera:1.0,427,0.7363704442977905
rung4,camera:1.0,428,0.24182164669036865
rung4,camera:1.0,429,0.2915987968444824
rung4,camera:1.0,430,0.18327848613262177
rung4,camera:1.0,431,0.7700785398483276
rung4,camera:1.0,432,0.7102729678153992
rung4,camera:1.0,433,0.20719017088413239
rung4,camera:1.0,434,0.34101998805999756
rung4,camera:1.0,435,0.39622536301612854
rung4,camera:1.0,436,0.6291719675064087
rung4,camera:1.0,437,0.23186078667640686
rung4,camera:1.0,438,0.23122268915176392
rung4,camera:1.0,439,0.21877549588680267
rung4,camera:1.0,440,0.5619075298309326
rung4,camera:1.0,441,0.5459985733032227
rung4,camera:1.0,442,0.1667807698249817
rung4,camera:1.0,443,0.17138676345348358
rung4,camera:1.0,444,0.6848382949829102
rung4,camera:1.0,445,0.18994204699993134
rung4,camera:1.0,446,0.42259958386421204
rung4,camera:1.0,447,0.309684693813324
rung4,camera:1.0,448,0.6393022537231445
rung4,camera:1.0,449,0.2970702648162842
rung4,camera:1.0,450,0.1998383104801178
rung4,camera:1.0,451,0.25931498408317566
rung4,camera:1.0,452,0.5000852346420288
rung4,camera:1.0,453,0.2924037277698517
rung4,camera:1.0,454,0.3736656904220581
rung4,camera:1.0,455,0.5843721628189087
rung4,camera:1.0,456,0.4183589518070221
rung4,camera:1.0,457,0.6832060217857361
rung4,camera:1.0,458,0.9956405162811279
rung4,camera:1.0,459,2.146454095840454
rung4,camera:1.0,460,1.9401938915252686
rung4,camera:1.0,461,0.808506965637207
rung4,camera:1.0,462,0.16779212653636932
rung4,camera:1.0,463,0.2618322968482971
rung4,camera:1.0,464,0.5055415630340576
rung4,camera:1.0,465,0.8594345450401306
rung4,camera:1.0,466,1.0894384384155273
rung4,camera:1.0,467,0.6310794353485107
rung4,camera:1.0,468,0.7928797602653503
rung4,camera:1.0,469,0.8193591833114624
rung4,camera:1.0,470,0.9002267122268677
rung4,camera:1.0,471,0.5026415586471558
rung4,camera:1.0,472,0.11297286301851273
rung4,camera:1.0,473,0.041397642344236374
rung4,camera:1.0,474,0.040929391980171204
rung4,camera:1.0,475,0.0211701188236475
rung4,camera:1.0,476,0.0040198760107159615
rung4,camera:1.0,477,0.010618672706186771
rung4,camera:1.0,478,0.019982200115919113
rung4,camera:1.0,479,0.011110415682196617
rung4,lidar:0.5,0,0.6650315523147583
rung4,lidar:0.5,1,1.2028453350067139
rung4,lidar:0.5,2,0.2757992148399353
rung4,lidar:0.5,3,0.545427143573761
rung4,lidar:0.5,4,0.43430373072624207
rung4,lidar:0.5,5,0.14557132124900818
rung4,lidar:0.5,6,0.14652341604232788
rung4,lidar:0.5,7,0.48832768201828003
rung4,lidar:0.5,8,0.23024319112300873
rung4,lidar:0.5,9,0.2530936002731323
rung4,lidar:0.5,10,0.23722243309020996
rung4,lidar:0.5,11,0.22747033834457397
rung4,lidar:0.5,12,0.36794012784957886
rung4,lidar:0.5,13,0.2568519115447998
rung4,lidar:0.5,14,0.3143543601036072
rung4,lidar:0.5,15,0.2671232223510742
rung4,lidar:0.5,16,0.1962398737668991
rung4,lidar:0.5,17,0.21063873171806335
rung4,lidar:0.5,18,0.31631314754486084
rung4,lidar:0.5,19,0.27715933322906494
rung4,lidar:0.5,20,0.12279684841632843
rung4,lidar:0.5,21,0.14124464988708496
rung4,lidar:0.5,22,0.25625649094581604
rung4,lidar:0.5,23,0.2313898205757141
rung4,lidar:0.5,24,0.13869695365428925
rung4,lidar:0.5,25,0.2006215751171112
rung4,lidar:0.5,26,0.2670218348503113
rung4,lidar:0.5,27,0.3256170451641083
rung4,lidar:0.5,28,0.17658469080924988
rung4,lidar:0.5,29,0.17101410031318665
rung4,lidar:0.5,30,0.27408772706985474
rung4,lidar:0.5,31,0.35600510239601135
rung4,lidar:0.5,32,0.19520899653434753
rung4,lidar:0.5,33,0.14449834823608398
rung4,lidar:0.5,34,0.23415106534957886
rung4,lidar:0.5,35,0.3561769127845764
rung4,lidar:0.5,36,0.24949629604816437
rung4,lidar:0.5,37,0.11531564593315125
rung4,lidar:0.5,38,0.1571853905916214
rung4,lidar:0.5,39,0.316875696182251
rung4,lidar:0.5,40,0.22792553901672363
rung4,lidar:0.5,41,0.0737341120839119
rung4,lidar:0.5,42,0.11070265620946884
rung4,lidar:0.5,43,0.2599247097969055
rung4,lidar:0.5,44,0.22350545227527618
rung4,lidar:0.5,45,0.09489232301712036
rung4,lidar:0.5,46,0.17575591802597046
rung4,lidar:0.5,47,0.3819807171821594
rung4,lidar:0.5,48,0.4955398142337799
rung4,lidar:0.5,49,0.5745007991790771
rung4,lidar:0.5,50,0.7469127178192139
rung4,lidar:0.5,51,0.9252300262451172
rung4,lidar:0.5,52,0.7537664175033569
rung4,lidar:0.5,53,0.26936036348342896
rung4,lidar:0.5,54,0.44557756185531616
rung4,lidar:0.5,55,0.5726877450942993
rung4,lidar:0.5,56,0.9964125156402588
rung4,lidar:0.5,57,1.123352289199829
rung4,lidar:0.5,58,1.290411353111267
rung4,lidar:0.5,59,1.674836277961731
rung4,lidar:0.5,60,0.6887305974960327
rung4,lidar:0.5,61,0.7237948179244995
rung4,lidar:0.5,62,0.22818398475646973
rung4,lidar:0.5,63,0.4798514246940613
rung4,lidar:0.5,64,0.8928635716438293
rung4,lidar:0.5,65,1.475816249847412
rung4,lidar:0.5,66,1.1507377624511719
rung4,lidar:0.5,67,1.707932710647583
rung4,lidar:0.5,68,1.124004602432251
rung4,lidar:0.5,69,1.4718652963638306
rung4,lidar:0.5,70,1.0921382904052734
rung4,lidar:0.5,71,1.4936764240264893
rung4,lidar:0.5,72,0.5991857647895813
rung4,lidar:0.5,73,0.6552634239196777
rung4,lidar:0.5,74,0.7386329174041748
rung4,lidar:0.5,75,0.6391574740409851
rung4,lidar:0.5,76,0.5118603110313416
rung4,lidar:0.5,77,0.18724660575389862
rung4,lidar:0.5,78,0.1278669536113739
rung4,lidar:0.5,79,0.17154227197170258
rung4,lidar:0.5,80,0.2999177575111389
rung4,lidar:0.5,81,0.3859664797782898
rung4,lidar:0.5,82,0.496035635471344
rung4,lidar:0.5,83,0.6626917719841003
rung4,lidar:0.5,84,0.7730976939201355
rung4,lidar:0.5,85,0.6026389598846436
rung4,lidar:0.5,86,0.5051224231719971
rung4,lidar:0.5,87,0.8303404450416565
rung4,lidar:0.5,88,0.47858989238739014
rung4,lidar:0.5,89,0.21206608414649963
rung4,lidar:0.5,90,0.3353416323661804
rung4,lidar:0.5,91,0.3605368137359619
rung4,lidar:0.5,92,0.4579057991504669
rung4,lidar:0.5,93,0.17995339632034302
rung4,lidar:0.5,94,0.15852756798267365
rung4,lidar:0.5,95,0.16933539509773254
rung4,lidar:0.5,96,0.10773502290248871
rung4,lidar:0.5,97,0.08701267838478088
rung4,lidar:0.5,98,0.10485824197530746
rung4,lidar:0.5,99,0.12136213481426239
rung4,lidar:0.5,100,0.10100096464157104
rung4,lidar:0.5,101,0.245844766497612
rung4,lidar:0.5,102,0.22340169548988342
rung4,lidar:0.5,103,0.147784024477005
rung4,lidar:0.5,104,0.08511382341384888
rung4,lidar:0.5,105,0.37308254837989807
rung4,lidar:0.5,106,0.16246625781059265
rung4,lidar:0.5,107,0.0897180587053299
rung4,lidar:0.5,108,0.08288010209798813
rung4,lidar:0.5,109,0.3003283143043518
rung4,lidar:0.5,110,0.19840741157531738
rung4,lidar:0.5,111,0.08740386366844177
rung4,lidar:0.5,112,0.11728042364120483
rung4,lidar:0.5,113,0.227840855717659
rung4,lidar:0.5,114,0.23502624034881592
rung4,lidar:0.5,115,0.17184054851531982
rung4,lidar:0.5,116,0.1611192226409912
rung4,lidar:0.5,117,0.2066618800163269
rung4,lidar:0.5,118,0.21577969193458557
rung4,lidar:0.5,119,0.17559027671813965
rung4,lidar:0.5,120,0.17059050500392914
rung4,lidar:0.5,121,0.17249074578285217
rung4,lidar:0.5,122,0.24935102462768555
rung4,lidar:0.5,123,0.20874983072280884
rung4,lidar:0.5,124,0.18597829341888428
rung4,lidar:0.5,125,0.1779356300830841
rung4,lidar:0.5,126,0.24742569029331207
rung4,lidar:0.5,127,0.2596684694290161
rung4,lidar:0.5,128,0.1561339795589447
rung4,lidar:0.5,129,0.17185604572296143
rung4,lidar:0.5,130,0.2609330713748932
rung4,lidar:0.5,131,0.2354152351617813
rung4,lidar:0.5,132,0.13549862802028656
rung4,lidar:0.5,133,0.14155809581279755
rung4,lidar:0.5,134,0.22265520691871643
rung4,lidar:0.5,135,0.20125249028205872
rung4,lidar:0.5,136,0.176291823387146
rung4,lidar:0.5,137,0.17382168769836426
rung4,lidar:0.5,138,0.1990949511528015
rung4,lidar:0.5,139,0.256761759519577
rung4,lidar:0.5,140,0.17277273535728455
rung4,lidar:0.5,141,0.16118395328521729
rung4,lidar:0.5,142,0.16986596584320068
rung4,lidar:0.5,143,0.22253641486167908
rung4,lidar:0.5,144,0.19262859225273132
rung4,lidar:0.5,145,0.1386907398700714
rung4,lidar:0.5,146,0.16709744930267334
rung4,lidar:0.5,147,0.22594967484474182
rung4,lidar:0.5,148,0.275784969329834
rung4,lidar:0.5,149,0.13295233249664307
rung4,lidar:0.5,150,0.16756205260753632
rung4,lidar:0.5,151,0.25537967681884766
rung4,lidar:0.5,152,0.225763738155365
rung4,lidar:0.5,153,0.19307778775691986
rung4,lidar:0.5,154,0.23328977823257446
rung4,lidar:0.5,155,0.451321542263031
rung4,lidar:0.5,156,0.3560408055782318
rung4,lidar:0.5,157,0.5861402153968811
rung4,lidar:0.5,158,0.20697683095932007
rung4,lidar:0.5,159,0.29130828380584717
rung4,lidar:0.5,160,0.1974342167377472
rung4,lidar:0.5,161,0.17126688361167908
rung4,lidar:0.5,162,0.13425451517105103
rung4,lidar:0.5,163,0.21904754638671875
rung4,lidar:0.5,164,1.0506565570831299
rung4,lidar:0.5,165,0.3121200501918793
rung4,lidar:0.5,166,0.418810099363327
rung4,lidar:0.5,167,0.2313084751367569
rung4,lidar:0.5,168,0.1416192203760147
rung4,lidar:0.5,169,0.14414414763450623
rung4,lidar:0.5,170,0.18804021179676056
rung4,lidar:0.5,171,0.31340181827545166
rung4,lidar:0.5,172,0.23651419579982758
rung4,lidar:0.5,173,0.4264163374900818
rung4,lidar:0.5,174,0.44152265787124634
rung4,lidar:0.5,175,0.2996022701263428
rung4,lidar:0.5,176,0.15840867161750793
rung4,lidar:0.5,177,0.2887735962867737
rung4,lidar:0.5,178,0.30866608023643494
rung4,lidar:0.5,179,0.28156471252441406
rung4,lidar:0.5,180,0.2378872036933899
rung4,lidar:0.5,181,0.2911534905433655
rung4,lidar:0.5,182,0.2576866149902344
rung4,lidar:0.5,183,0.31657081842422485
rung4,lidar:0.5,184,0.23446644842624664
rung4,lidar:0.5,185,0.2825291156768799
rung4,lidar:0.5,186,0.22876201570034027
rung4,lidar:0.5,187,0.31283727288246155
rung4,lidar:0.5,188,0.3554297685623169
rung4,lidar:0.5,189,0.27941590547561646
rung4,lidar:0.5,190,0.3035435974597931
rung4,lidar:0.5,191,0.27000436186790466
rung4,lidar:0.5,192,0.22297142446041107
rung4,lidar:0.5,193,0.220607727766037
rung4,lidar:0.5,194,0.13129281997680664
rung4,lidar:0.5,195,0.24628110229969025
rung4,lidar:0.5,196,0.32926905155181885
rung4,lidar:0.5,197,0.309353232383728
rung4,lidar:0.5,198,0.7001895904541016
rung4,lidar:0.5,199,0.7027565836906433
rung4,lidar:0.5,200,0.7799814939498901
rung4,lidar:0.5,201,1.1740076541900635
rung4,lidar:0.5,202,1.3632656335830688
rung4,lidar:0.5,203,0.9433426856994629
rung4,lidar:0.5,204,0.8486462831497192
rung4,lidar:0.5,205,0.8551695942878723
rung4,lidar:0.5,206,0.6289424300193787
rung4,lidar:0.5,207,0.8804653882980347
rung4,lidar:0.5,208,0.6958836913108826
rung4,lidar:0.5,209,1.7830140590667725
rung4,lidar:0.5,210,2.389082908630371
rung4,lidar:0.5,211,1.7952089309692383
rung4,lidar:0.5,212,1.8913642168045044
rung4,lidar:0.5,213,1.825648307800293
rung4,lidar:0.5,214,2.2067391872406006
rung4,lidar:0.5,215,3.6276328563690186
rung4,lidar:0.5,216,2.7720561027526855
rung4,lidar:0.5,217,0.6099309921264648
rung4,lidar:0.5,218,0.8211637735366821
rung4,lidar:0.5,219,0.7143895626068115
rung4,lidar:0.5,220,0.46728235483169556
rung4,lidar:0.5,221,0.36101198196411133
rung4,lidar:0.5,222,0.28716742992401123
rung4,lidar:0.5,223,0.2559242844581604
rung4,lidar:0.5,224,0.367259681224823
rung4,lidar:0.5,225,0.5745440125465393
rung4,lidar:0.5,226,0.5772134065628052
rung4,lidar:0.5,227,0.6698918342590332
rung4,lidar:0.5,228,0.4613876938819885
rung4,lidar:0.5,229,0.4897860288619995
rung4,lidar:0.5,230,0.5977655649185181
rung4,lidar:0.5,231,0.758979082107544
rung4,lidar:0.5,232,0.538716197013855
rung4,lidar:0.5,233,0.22833943367004395
rung4,lidar:0.5,234,0.3004549741744995
rung4,lidar:0.5,235,0.29360610246658325
rung4,lidar:0.5,236,0.45023834705352783
rung4,lidar:0.5,237,0.14902722835540771
rung4,lidar:0.5,238,0.16756518185138702
rung4,lidar:0.5,239,0.1632009744644165
rung4,lidar:0.5,240,0.30437546968460083
rung4,lidar:0.5,241,0.23150594532489777
rung4,lidar:0.5,242,0.16962319612503052
rung4,lidar:0.5,243,0.05572468787431717
rung4,lidar:0.5,244,0.14244508743286133
rung4,lidar:0.5,245,0.12173492461442947
rung4,lidar:0.5,246,0.18059483170509338
rung4,lidar:0.5,247,0.07322311401367188
rung4,lidar:0.5,248,0.11089102178812027
rung4,lidar:0.5,249,0.15376946330070496
rung4,lidar:0.5,250,0.09564299136400223
rung4,lidar:0.5,251,0.12233968079090118
rung4,lidar:0.5,252,0.08129417896270752
rung4,lidar:0.5,253,0.0957140102982521
rung4,lidar:0.5,254,0.3777080774307251
rung4,lidar:0.5,255,0.29223543405532837
rung4,lidar:0.5,256,0.9921518564224243
rung4,lidar:0.5,257,0.4426719844341278
rung4,lidar:0.5,258,0.4460645914077759
rung4,lidar:0.5,259,0.6436231136322021
rung4,lidar:0.5,260,1.0449084043502808
rung4,lidar:0.5,261,1.3612911701202393
rung4,lidar:0.5,262,2.0899648666381836
rung4,lidar:0.5,263,2.0711350440979004
rung4,lidar:0.5,264,0.9641287326812744
rung4,lidar:0.5,265,0.3973560333251953
rung4,lidar:0.5,266,0.6559851169586182
rung4,lidar:0.5,267,0.7801971435546875
rung4,lidar:0.5,268,0.2117312103509903
rung4,lidar:0.5,269,0.25323688983917236
rung4,lidar:0.5,270,0.247580885887146
rung4,lidar:0.5,271,0.30220240354537964
rung4,lidar:0.5,272,0.15207508206367493
rung4,lidar:0.5,273,0.14387066662311554
rung4,lidar:0.5,274,0.14136070013046265
rung4,lidar:0.5,275,0.23942787945270538
rung4,lidar:0.5,276,0.14590951800346375
rung4,lidar:0.5,277,0.13765938580036163
rung4,lidar:0.5,278,0.21615387499332428
rung4,lidar:0.5,279,0.16356101632118225
rung4,lidar:0.5,280,0.18167154490947723
rung4,lidar:0.5,281,0.1690155267715454
rung4,lidar:0.5,282,0.24323466420173645
rung4,lidar:0.5,283,0.3273946940898895
rung4,lidar:0.5,284,0.3546420931816101
rung4,lidar:0.5,285,0.3303487300872803
rung4,lidar:0.5,286,0.413943886756897
rung4,lidar:0.5,287,0.5930050611495972
rung4,lidar:0.5,288,0.5374704003334045
rung4,lidar:0.5,289,0.39058855175971985
rung4,lidar:0.5,290,0.37165260314941406
rung4,lidar:0.5,291,0.48934289813041687
rung4,lidar:0.5,292,0.37862056493759155
rung4,lidar:0.5,293,0.2601076364517212
rung4,lidar:0.5,294,0.234465554356575
rung4,lidar:0.5,295,0.42526504397392273
rung4,lidar:0.5,296,0.3355148434638977
rung4,lidar:0.5,297,0.24188554286956787
rung4,lidar:0.5,298,0.2726583778858185
rung4,lidar:0.5,299,0.45830267667770386
rung4,lidar:0.5,300,0.5111587047576904
rung4,lidar:0.5,301,0.22047284245491028
rung4,lidar:0.5,302,0.6361633539199829
rung4,lidar:0.5,303,1.015925407409668
rung4,lidar:0.5,304,1.3359200954437256
rung4,lidar:0.5,305,0.8356680870056152
rung4,lidar:0.5,306,0.5009077787399292
rung4,lidar:0.5,307,0.5771408081054688
rung4,lidar:0.5,308,0.5864285230636597
rung4,lidar:0.5,309,0.8702797889709473
rung4,lidar:0.5,310,0.7851502895355225
rung4,lidar:0.5,311,0.7552011013031006
rung4,lidar:0.5,312,0.706291139125824
rung4,lidar:0.5,313,0.835608720779419
rung4,lidar:0.5,314,0.37571167945861816
rung4,lidar:0.5,315,0.5034815073013306
rung4,lidar:0.5,316,0.6464553475379944
rung4,lidar:0.5,317,0.7070069313049316
rung4,lidar:0.5,318,0.7526280879974365
rung4,lidar:0.5,319,0.46294939517974854
rung4,lidar:0.5,320,0.9008561968803406
rung4,lidar:0.5,321,0.48360204696655273
rung4,lidar:0.5,322,0.03249536082148552
rung4,lidar:0.5,323,0.04579640179872513
rung4,lidar:0.5,324,0.06830533593893051
rung4,lidar:0.5,325,0.09411799907684326
rung4,lidar:0.5,326,0.12021491676568985
rung4,lidar:0.5,327,0.14456391334533691
rung4,lidar:0.5,328,0.1558464914560318
rung4,lidar:0.5,329,0.1539636254310608
rung4,lidar:0.5,330,0.12076526135206223
rung4,lidar:0.5,331,0.05323484167456627
rung4,lidar:0.5,332,0.023192420601844788
rung4,lidar:0.5,333,0.015030651353299618
rung4,lidar:0.5,334,0.0327417217195034
rung4,lidar:0.5,335,0.09983301162719727
rung4,lidar:0.5,336,0.21686743199825287
rung4,lidar:0.5,337,0.3342922627925873
rung4,lidar:0.5,338,0.45579051971435547
rung4,lidar:0.5,339,0.5487295389175415
rung4,lidar:0.5,340,0.39593368768692017
rung4,lidar:0.5,341,0.5466859340667725
rung4,lidar:0.5,342,0.6956074237823486
rung4,lidar:0.5,343,0.1852911114692688
rung4,lidar:0.5,344,0.3243449628353119
rung4,lidar:0.5,345,0.6783145666122437
rung4,lidar:0.5,346,1.2575792074203491
rung4,lidar:0.5,347,2.0522067546844482
rung4,lidar:0.5,348,1.5026838779449463
rung4,lidar:0.5,349,1.7146196365356445
rung4,lidar:0.5,350,0.5132589340209961
rung4,lidar:0.5,351,0.40748175978660583
rung4,lidar:0.5,352,0.5872066020965576
rung4,lidar:0.5,353,0.48159244656562805
rung4,lidar:0.5,354,0.38832464814186096
rung4,lidar:0.5,355,0.7354002594947815
rung4,lidar:0.5,356,0.18010929226875305
rung4,lidar:0.5,357,0.19502156972885132
rung4,lidar:0.5,358,0.30953457951545715
rung4,lidar:0.5,359,0.3833176791667938
rung4,lidar:0.5,360,0.5597270727157593
rung4,lidar:0.5,361,0.3711034059524536
rung4,lidar:0.5,362,0.6005969643592834
rung4,lidar:0.5,363,0.7574713230133057
rung4,lidar:0.5,364,0.41009896993637085
rung4,lidar:0.5,365,0.3802753984928131
rung4,lidar:0.5,366,0.7834216356277466
rung4,lidar:0.5,367,0.5609259009361267
rung4,lidar:0.5,368,0.4688001871109009
rung4,lidar:0.5,369,0.5483921766281128
rung4,lidar:0.5,370,0.6972535848617554
rung4,lidar:0.5,371,0.753124475479126
rung4,lidar:0.5,372,0.2661028802394867
rung4,lidar:0.5,373,0.45908284187316895
rung4,lidar:0.5,374,0.8095218539237976
rung4,lidar:0.5,375,1.406355857849121
rung4,lidar:0.5,376,2.0845274925231934
rung4,lidar:0.5,377,3.001469850540161
rung4,lidar:0.5,378,3.7403717041015625
rung4,lidar:0.5,379,2.2633986473083496
rung4,lidar:0.5,380,1.032121181488037
rung4,lidar:0.5,381,1.0359784364700317
rung4,lidar:0.5,382,0.21358704566955566
rung4,lidar:0.5,383,0.43136459589004517
rung4,lidar:0.5,384,0.13599760830402374
rung4,lidar:0.5,385,0.20376858115196228
rung4,lidar:0.5,386,0.3384022116661072
rung4,lidar:0.5,387,0.25733494758605957
rung4,lidar:0.5,388,0.4070141911506653
rung4,lidar:0.5,389,0.5612844824790955
rung4,lidar:0.5,390,0.12714681029319763
rung4,lidar:0.5,391,0.18488018214702606
rung4,lidar:0.5,392,0.28416794538497925
rung4,lidar:0.5,393,0.252200186252594
rung4,lidar:0.5,394,0.2644129991531372
rung4,lidar:0.5,395,0.22732284665107727
rung4,lidar:0.5,396,0.2869700789451599
rung4,lidar:0.5,397,0.21228918433189392
rung4,lidar:0.5,398,0.10943639278411865
rung4,lidar:0.5,399,0.26788651943206787
rung4,lidar:0.5,400,0.18041741847991943
rung4,lidar:0.5,401,0.18419036269187927
rung4,lidar:0.5,402,0.35517823696136475
rung4,lidar:0.5,403,0.18783196806907654
rung4,lidar:0.5,404,0.19386035203933716
rung4,lidar:0.5,405,0.36431175470352173
rung4,lidar:0.5,406,0.5226610898971558
rung4,lidar:0.5,407,0.4712821841239929
rung4,lidar:0.5,408,0.14403408765792847
rung4,lidar:0.5,409,0.5039795637130737
rung4,lidar:0.5,410,0.1596790999174118
rung4,lidar:0.5,411,0.21523363888263702
rung4,lidar:0.5,412,0.1637086272239685
rung4,lidar:0.5,413,0.19684210419654846
rung4,lidar:0.5,414,0.37717196345329285
rung4,lidar:0.5,415,0.39467301964759827
rung4,lidar:0.5,416,0.25516101717948914
rung4,lidar:0.5,417,0.1529504805803299
rung4,lidar:0.5,418,0.16492107510566711
rung4,lidar:0.5,419,0.33220720291137695
rung4,lidar:0.5,420,0.31304073333740234
rung4,lidar:0.5,421,0.17059971392154694
rung4,lidar:0.5,422,0.21595163643360138
rung4,lidar:0.5,423,0.4434356987476349
rung4,lidar:0.5,424,0.4108995199203491
rung4,lidar:0.5,425,0.22172899544239044
rung4,lidar:0.5,426,0.28695976734161377
rung4,lidar:0.5,427,0.6661508679389954
rung4,lidar:0.5,428,0.5375505685806274
rung4,lidar:0.5,429,0.18470950424671173
rung4,lidar:0.5,430,0.16523200273513794
rung4,lidar:0.5,431,0.28441381454467773
rung4,lidar:0.5,432,0.4556736350059509
rung4,lidar:0.5,433,0.2295670360326767
rung4,lidar:0.5,434,0.15988188982009888
rung4,lidar:0.5,435,0.2363339066505432
rung4,lidar:0.5,436,0.6186493039131165
rung4,lidar:0.5,437,0.43090149760246277
rung4,lidar:0.5,438,0.2670494318008423
rung4,lidar:0.5,439,0.26982206106185913
rung4,lidar:0.5,440,0.40636205673217773
rung4,lidar:0.5,441,0.6120731830596924
rung4,lidar:0.5,442,0.15581661462783813
rung4,lidar:0.5,443,0.18828651309013367
rung4,lidar:0.5,444,0.38915228843688965
rung4,lidar:0.5,445,0.2908727526664734
rung4,lidar:0.5,446,0.1563928723335266
rung4,lidar:0.5,447,0.2992025911808014
rung4,lidar:0.5,448,0.3348765969276428
rung4,lidar:0.5,449,0.2700904607772827
rung4,lidar:0.5,450,0.168158158659935
rung4,lidar:0.5,451,0.42311805486679077
rung4,lidar:0.5,452,0.14415818452835083
rung4,lidar:0.5,453,0.2176019251346588
rung4,lidar:0.5,454,0.23739111423492432
rung4,lidar:0.5,455,0.32926273345947266
rung4,lidar:0.5,456,0.41596719622612
rung4,lidar:0.5,457,0.7380232810974121
rung4,lidar:0.5,458,1.101090431213379
rung4,lidar:0.5,459,1.0637356042861938
rung4,lidar:0.5,460,1.095961332321167
rung4,lidar:0.5,461,0.7560669183731079
rung4,lidar:0.5,462,0.3264461159706116
rung4,lidar:0.5,463,0.35403770208358765
rung4,lidar:0.5,464,0.5064454078674316
rung4,lidar:0.5,465,0.6835719347000122
rung4,lidar:0.5,466,0.8524575233459473
rung4,lidar:0.5,467,0.4751250147819519
rung4,lidar:0.5,468,0.7026796936988831
rung4,lidar:0.5,469,0.7704978585243225
rung4,lidar:0.5,470,0.8910536170005798
rung4,lidar:0.5,471,0.5092937350273132
rung4,lidar:0.5,472,0.20520296692848206
rung4,lidar:0.5,473,0.03489503636956215
rung4,lidar:0.5,474,0.030446732416749
rung4,lidar:0.5,475,0.017295971512794495
rung4,lidar:0.5,476,0.004028459079563618
rung4,lidar:0.5,477,0.008886471390724182
rung4,lidar:0.5,478,0.0051185148768126965
rung4,lidar:0.5,479,0.007073310669511557
rung4,lidar:1.0,0,0.3758009076118469
rung4,lidar:1.0,1,0.19207976758480072
rung4,lidar:1.0,2,0.2800036370754242
rung4,lidar:1.0,3,0.32594552636146545
rung4,lidar:1.0,4,0.6388992071151733
rung4,lidar:1.0,5,0.675369143486023
rung4,lidar:1.0,6,0.4410998225212097
rung4,lidar:1.0,7,0.5775344371795654
rung4,lidar:1.0,8,0.5241844058036804
rung4,lidar:1.0,9,0.14262312650680542
rung4,lidar:1.0,10,0.21707913279533386
rung4,lidar:1.0,11,0.22920167446136475
rung4,lidar:1.0,12,0.27794328331947327
rung4,lidar:1.0,13,0.19440574944019318
rung4,lidar:1.0,14,0.2954508662223816
rung4,lidar:1.0,15,0.30663877725601196
rung4,lidar:1.0,16,0.16138359904289246
rung4,lidar:1.0,17,0.20949098467826843
rung4,lidar:1.0,18,0.26735037565231323
rung4,lidar:1.0,19,0.26016342639923096
rung4,lidar:1.0,20,0.12931349873542786
rung4,lidar:1.0,21,0.17467620968818665
rung4,lidar:1.0,22,0.24731647968292236
rung4,lidar:1.0,23,0.22523529827594757
rung4,lidar:1.0,24,0.1529325693845749
rung4,lidar:1.0,25,0.22344771027565002
rung4,lidar:1.0,26,0.31172502040863037
rung4,lidar:1.0,27,0.34380125999450684
rung4,lidar:1.0,28,0.197036474943161
rung4,lidar:1.0,29,0.19280804693698883
rung4,lidar:1.0,30,0.27600210905075073
rung4,lidar:1.0,31,0.3402547836303711
rung4,lidar:1.0,32,0.21409575641155243
rung4,lidar:1.0,33,0.16550147533416748
rung4,lidar:1.0,34,0.22830210626125336
rung4,lidar:1.0,35,0.48718899488449097
rung4,lidar:1.0,36,0.2378780096769333
rung4,lidar:1.0,37,0.12345321476459503
rung4,lidar:1.0,38,0.12198979407548904
rung4,lidar:1.0,39,0.4228039085865021
rung4,lidar:1.0,40,0.2283821851015091
rung4,lidar:1.0,41,0.10175524652004242
rung4,lidar:1.0,42,0.1587410271167755
rung4,lidar:1.0,43,0.2716348171234131
rung4,lidar:1.0,44,0.1525472104549408
rung4,lidar:1.0,45,0.10567829757928848
rung4,lidar:1.0,46,0.16104009747505188
rung4,lidar:1.0,47,0.35519540309906006
rung4,lidar:1.0,48,0.5648893117904663
rung4,lidar:1.0,49,0.6165983080863953
rung4,lidar:1.0,50,0.7958378791809082
rung4,lidar:1.0,51,1.1615960597991943
rung4,lidar:1.0,52,1.4280877113342285
rung4,lidar:1.0,53,1.638580322265625
rung4,lidar:1.0,54,1.902454137802124
rung4,lidar:1.0,55,0.8405376672744751
rung4,lidar:1.0,56,1.2996001243591309
rung4,lidar:1.0,57,1.721411943435669
rung4,lidar:1.0,58,4.197449207305908
rung4,lidar:1.0,59,4.331777095794678
rung4,lidar:1.0,60,3.8434858322143555
rung4,lidar:1.0,61,4.407661437988281
rung4,lidar:1.0,62,0.8541050553321838
rung4,lidar:1.0,63,0.530340313911438
rung4,lidar:1.0,64,0.9867583513259888
rung4,lidar:1.0,65,1.042046308517456
rung4,lidar:1.0,66,0.7648613452911377
rung4,lidar:1.0,67,1.557308554649353
rung4,lidar:1.0,68,1.2834035158157349
rung4,lidar:1.0,69,1.0250567197799683
rung4,lidar:1.0,70,1.8396800756454468
rung4,lidar:1.0,71,1.2235828638076782
rung4,lidar:1.0,72,0.2957501709461212
rung4,lidar:1.0,73,0.4438747763633728
rung4,lidar:1.0,74,0.3993622064590454
rung4,lidar:1.0,75,0.6298304796218872
rung4,lidar:1.0,76,0.4256245493888855
rung4,lidar:1.0,77,0.1841198354959488
rung4,lidar:1.0,78,0.12308741360902786
rung4,lidar:1.0,79,0.1375531554222107
rung4,lidar:1.0,80,0.4868863821029663
rung4,lidar:1.0,81,0.41266870498657227
rung4,lidar:1.0,82,0.49470001459121704
rung4,lidar:1.0,83,0.8481640219688416
rung4,lidar:1.0,84,1.1088950634002686
rung4,lidar:1.0,85,1.1354601383209229
rung4,lidar:1.0,86,1.2540712356567383
rung4,lidar:1.0,87,1.04823899269104
rung4,lidar:1.0,88,0.518655002117157
rung4,lidar:1.0,89,0.47601187229156494
rung4,lidar:1.0,90,0.3464800715446472
rung4,lidar:1.0,91,0.38833552598953247
rung4,lidar:1.0,92,0.229579895734787
rung4,lidar:1.0,93,0.23850183188915253
rung4,lidar:1.0,94,0.1623004525899887
rung4,lidar:1.0,95,0.18473249673843384
rung4,lidar:1.0,96,0.1460026204586029
rung4,lidar:1.0,97,0.11770395189523697
rung4,lidar:1.0,98,0.10861330479383469
rung4,lidar:1.0,99,0.15876305103302002
rung4,lidar:1.0,100,0.2210719734430313
rung4,lidar:1.0,101,0.3204386830329895
rung4,lidar:1.0,102,0.3166354298591614
rung4,lidar:1.0,103,0.08992636203765869
rung4,lidar:1.0,104,0.09639424830675125
rung4,lidar:1.0,105,0.31973516941070557
rung4,lidar:1.0,106,0.2427455484867096
rung4,lidar:1.0,107,0.0783839076757431
rung4,lidar:1.0,108,0.08751362562179565
rung4,lidar:1.0,109,0.20963817834854126
rung4,lidar:1.0,110,0.2565661072731018
rung4,lidar:1.0,111,0.14499588310718536
rung4,lidar:1.0,112,0.11815430968999863
rung4,lidar:1.0,113,0.17705917358398438
rung4,lidar:1.0,114,0.2474113404750824
rung4,lidar:1.0,115,0.2566423714160919
rung4,lidar:1.0,116,0.15356048941612244
rung4,lidar:1.0,117,0.251718670129776
rung4,lidar:1.0,118,0.16090697050094604
rung4,lidar:1.0,119,0.1708497405052185
rung4,lidar:1.0,120,0.25185102224349976
rung4,lidar:1.0,121,0.2044323831796646
rung4,lidar:1.0,122,0.20865580439567566
rung4,lidar:1.0,123,0.2401823252439499
rung4,lidar:1.0,124,0.22224199771881104
rung4,lidar:1.0,125,0.2643950581550598
rung4,lidar:1.0,126,0.26603561639785767
rung4,lidar:1.0,127,0.389060914516449
rung4,lidar:1.0,128,0.18557889759540558
rung4,lidar:1.0,129,0.21546104550361633
rung4,lidar:1.0,130,0.2718662619590759
rung4,lidar:1.0,131,0.2486918717622757
rung4,lidar:1.0,132,0.1473396271467209
rung4,lidar:1.0,133,0.2070825845003128
rung4,lidar:1.0,134,0.27120935916900635
rung4,lidar:1.0,135,0.19002646207809448
rung4,lidar:1.0,136,0.19906510412693024
rung4,lidar:1.0,137,0.22079426050186157
rung4,lidar:1.0,138,0.21233345568180084
rung4,lidar:1.0,139,0.23954463005065918
rung4,lidar:1.0,140,0.19011875987052917
rung4,lidar:1.0,141,0.23515191674232483
rung4,lidar:1.0,142,0.1694292277097702
rung4,lidar:1.0,143,0.21249939501285553
rung4,lidar:1.0,144,0.24563917517662048
rung4,lidar:1.0,145,0.16037365794181824
rung4,lidar:1.0,146,0.18886539340019226
rung4,lidar:1.0,147,0.29619085788726807
rung4,lidar:1.0,148,0.1963413953781128
rung4,lidar:1.0,149,0.19323667883872986
rung4,lidar:1.0,150,0.18529552221298218
rung4,lidar:1.0,151,0.30218347907066345
rung4,lidar:1.0,152,0.26967519521713257
rung4,lidar:1.0,153,0.21638591587543488
rung4,lidar:1.0,154,0.29635006189346313
rung4,lidar:1.0,155,0.37017717957496643
rung4,lidar:1.0,156,0.8201425075531006
rung4,lidar:1.0,157,1.271846890449524
rung4,lidar:1.0,158,0.35076552629470825
rung4,lidar:1.0,159,0.5017874240875244
rung4,lidar:1.0,160,0.39370936155319214
rung4,lidar:1.0,161,0.33954155445098877
rung4,lidar:1.0,162,0.1681913137435913
rung4,lidar:1.0,163,0.1458849459886551
rung4,lidar:1.0,164,0.9466925263404846
rung4,lidar:1.0,165,0.13767722249031067
rung4,lidar:1.0,166,0.6860398054122925
rung4,lidar:1.0,167,0.23774194717407227
rung4,lidar:1.0,168,0.3682919442653656
rung4,lidar:1.0,169,0.4677104353904724
rung4,lidar:1.0,170,0.2526700496673584
rung4,lidar:1.0,171,0.47298774123191833
rung4,lidar:1.0,172,0.25455203652381897
rung4,lidar:1.0,173,0.5628446340560913
rung4,lidar:1.0,174,0.6318297982215881
rung4,lidar:1.0,175,0.46870583295822144
rung4,lidar:1.0,176,0.24535857141017914
rung4,lidar:1.0,177,0.35094186663627625
rung4,lidar:1.0,178,0.27646762132644653
rung4,lidar:1.0,179,0.2717041075229645
rung4,lidar:1.0,180,0.36553022265434265
rung4,lidar:1.0,181,1.2557168006896973
rung4,lidar:1.0,182,0.6995480060577393
rung4,lidar:1.0,183,0.40838855504989624
rung4,lidar:1.0,184,0.42891886830329895
rung4,lidar:1.0,185,0.3391100764274597
rung4,lidar:1.0,186,0.702536404132843
rung4,lidar:1.0,187,0.3344113230705261
rung4,lidar:1.0,188,0.39438170194625854
rung4,lidar:1.0,189,0.4242829978466034
rung4,lidar:1.0,190,0.42950618267059326
rung4,lidar:1.0,191,0.6727868318557739
rung4,lidar:1.0,192,0.373873233795166
rung4,lidar:1.0,193,1.1379132270812988
rung4,lidar:1.0,194,0.6312463879585266
rung4,lidar:1.0,195,0.41830331087112427
rung4,lidar:1.0,196,1.0738986730575562
rung4,lidar:1.0,197,0.6544429063796997
rung4,lidar:1.0,198,0.723564863204956
rung4,lidar:1.0,199,0.7565971612930298
rung4,lidar:1.0,200,0.9213889837265015
rung4,lidar:1.0,201,1.630737543106079
rung4,lidar:1.0,202,1.2102363109588623
rung4,lidar:1.0,203,1.5710822343826294
rung4,lidar:1.0,204,0.9484870433807373
rung4,lidar:1.0,205,0.7745117545127869
rung4,lidar:1.0,206,1.4867796897888184
rung4,lidar:1.0,207,0.6024110317230225
rung4,lidar:1.0,208,0.7931089401245117
rung4,lidar:1.0,209,1.6798338890075684
rung4,lidar:1.0,210,1.989857792854309
rung4,lidar:1.0,211,2.82143235206604
rung4,lidar:1.0,212,3.420987844467163
rung4,lidar:1.0,213,3.249584913253784
rung4,lidar:1.0,214,5.338240146636963
rung4,lidar:1.0,215,6.258779525756836
rung4,lidar:1.0,216,5.4645514488220215
rung4,lidar:1.0,217,0.7600799798965454
rung4,lidar:1.0,218,0.34471115469932556
rung4,lidar:1.0,219,0.5390924215316772
rung4,lidar:1.0,220,0.3264685869216919
rung4,lidar:1.0,221,0.3148100972175598
rung4,lidar:1.0,222,0.9139014482498169
rung4,lidar:1.0,223,0.23307707905769348
rung4,lidar:1.0,224,0.3089374601840973
rung4,lidar:1.0,225,0.5278482437133789
rung4,lidar:1.0,226,2.3257834911346436
rung4,lidar:1.0,227,0.9210509061813354
rung4,lidar:1.0,228,1.3886234760284424
rung4,lidar:1.0,229,0.6683452725410461
rung4,lidar:1.0,230,1.8263616561889648
rung4,lidar:1.0,231,1.8255023956298828
rung4,lidar:1.0,232,0.6195483803749084
rung4,lidar:1.0,233,0.4067726135253906
rung4,lidar:1.0,234,0.5244157314300537
rung4,lidar:1.0,235,0.5683692693710327
rung4,lidar:1.0,236,0.5897694826126099
rung4,lidar:1.0,237,0.269744873046875
rung4,lidar:1.0,238,0.18001820147037506
rung4,lidar:1.0,239,0.12635377049446106
rung4,lidar:1.0,240,0.24557512998580933
rung4,lidar:1.0,241,0.12050646543502808
rung4,lidar:1.0,242,0.15590722858905792
rung4,lidar:1.0,243,0.17913968861103058
rung4,lidar:1.0,244,0.163946732878685
rung4,lidar:1.0,245,0.24209818243980408
rung4,lidar:1.0,246,0.19363586604595184
rung4,lidar:1.0,247,0.11013840138912201
rung4,lidar:1.0,248,0.1140483096241951
rung4,lidar:1.0,249,0.18769124150276184
rung4,lidar:1.0,250,0.09988190233707428
rung4,lidar:1.0,251,0.16066019237041473
rung4,lidar:1.0,252,0.17908234894275665
rung4,lidar:1.0,253,0.05880330502986908
rung4,lidar:1.0,254,0.30050599575042725
rung4,lidar:1.0,255,0.3556950092315674
rung4,lidar:1.0,256,1.5521800518035889
rung4,lidar:1.0,257,0.5239992141723633
rung4,lidar:1.0,258,0.5006771683692932
rung4,lidar:1.0,259,0.6932178735733032
rung4,lidar:1.0,260,0.7774515151977539
rung4,lidar:1.0,261,1.8261184692382812
rung4,lidar:1.0,262,1.8708529472351074
rung4,lidar:1.0,263,2.2678210735321045
rung4,lidar:1.0,264,1.4271962642669678
rung4,lidar:1.0,265,0.5902868509292603
rung4,lidar:1.0,266,0.4108339548110962
rung4,lidar:1.0,267,0.45750436186790466
rung4,lidar:1.0,268,0.8146443367004395
rung4,lidar:1.0,269,0.7949479818344116
rung4,lidar:1.0,270,0.4163583517074585
rung4,lidar:1.0,271,0.9548612236976624
rung4,lidar:1.0,272,0.1520994007587433
rung4,lidar:1.0,273,0.13290803134441376
rung4,lidar:1.0,274,0.5176218748092651
rung4,lidar:1.0,275,0.2638844847679138
rung4,lidar:1.0,276,0.17348942160606384
rung4,lidar:1.0,277,0.1608170121908188
rung4,lidar:1.0,278,0.29458296298980713
rung4,lidar:1.0,279,0.24421831965446472
rung4,lidar:1.0,280,0.20265746116638184
rung4,lidar:1.0,281,0.20315012335777283
rung4,lidar:1.0,282,0.43625408411026
rung4,lidar:1.0,283,0.37719592452049255
rung4,lidar:1.0,284,0.35563230514526367
rung4,lidar:1.0,285,0.3629022538661957
rung4,lidar:1.0,286,0.5602982044219971
rung4,lidar:1.0,287,0.6535836458206177
rung4,lidar:1.0,288,0.5183594822883606
rung4,lidar:1.0,289,0.319199800491333
rung4,lidar:1.0,290,0.3800848722457886
rung4,lidar:1.0,291,0.5646355152130127
rung4,lidar:1.0,292,0.5579307079315186
rung4,lidar:1.0,293,0.21802395582199097
rung4,lidar:1.0,294,0.1883430778980255
rung4,lidar:1.0,295,0.5962435603141785
rung4,lidar:1.0,296,0.45421653985977173
rung4,lidar:1.0,297,0.30334365367889404
rung4,lidar:1.0,298,0.31260257959365845
rung4,lidar:1.0,299,0.5572196245193481
rung4,lidar:1.0,300,0.7035785913467407
rung4,lidar:1.0,301,0.7872176170349121
rung4,lidar:1.0,302,0.8299512267112732
rung4,lidar:1.0,303,1.1606868505477905
rung4,lidar:1.0,304,1.1435235738754272
rung4,lidar:1.0,305,1.4516323804855347
rung4,lidar:1.0,306,1.203765869140625
rung4,lidar:1.0,307,0.49205461144447327
rung4,lidar:1.0,308,0.9163756370544434
rung4,lidar:1.0,309,0.8958505392074585
rung4,lidar:1.0,310,1.0734412670135498
rung4,lidar:1.0,311,0.4183932840824127
rung4,lidar:1.0,312,1.4393236637115479
rung4,lidar:1.0,313,0.7457887530326843
rung4,lidar:1.0,314,0.2647235691547394
rung4,lidar:1.0,315,0.39528411626815796
rung4,lidar:1.0,316,0.7950860261917114
rung4,lidar:1.0,317,1.0355110168457031
rung4,lidar:1.0,318,0.8879104852676392
rung4,lidar:1.0,319,0.47208914160728455
rung4,lidar:1.0,320,0.372789204120636
rung4,lidar:1.0,321,0.18815171718597412
rung4,lidar:1.0,322,0.02590564265847206
rung4,lidar:1.0,323,0.04944109171628952
rung4,lidar:1.0,324,0.07083508372306824
rung4,lidar:1.0,325,0.085199736058712
rung4,lidar:1.0,326,0.10258166491985321
rung4,lidar:1.0,327,0.1504533588886261
rung4,lidar:1.0,328,0.15601864457130432
rung4,lidar:1.0,329,0.1491093635559082
rung4,lidar:1.0,330,0.12841126322746277
rung4,lidar:1.0,331,0.06924356520175934
rung4,lidar:1.0,332,0.030405376106500626
rung4,lidar:1.0,333,0.036467552185058594
rung4,lidar:1.0,334,0.03883666545152664
rung4,lidar:1.0,335,0.09995068609714508
rung4,lidar:1.0,336,0.21091237664222717
rung4,lidar:1.0,337,0.3244444727897644
rung4,lidar:1.0,338,0.43724483251571655
rung4,lidar:1.0,339,0.5641554594039917
rung4,lidar:1.0,340,0.5716549158096313
rung4,lidar:1.0,341,0.52272629737854
rung4,lidar:1.0,342,0.6451930403709412
rung4,lidar:1.0,343,1.1959307193756104
rung4,lidar:1.0,344,0.3151746094226837
rung4,lidar:1.0,345,0.6703179478645325
rung4,lidar:1.0,346,0.6927052140235901
rung4,lidar:1.0,347,1.2879024744033813
rung4,lidar:1.0,348,1.1550768613815308
rung4,lidar:1.0,349,1.366459608078003
rung4,lidar:1.0,350,0.9526957273483276
rung4,lidar:1.0,351,0.4856480360031128
rung4,lidar:1.0,352,0.6468832492828369
rung4,lidar:1.0,353,0.47418978810310364
rung4,lidar:1.0,354,0.5323379635810852
rung4,lidar:1.0,355,0.6626964807510376
rung4,lidar:1.0,356,0.32608675956726074
rung4,lidar:1.0,357,0.20874398946762085
rung4,lidar:1.0,358,0.2787506580352783
rung4,lidar:1.0,359,0.2139432281255722
rung4,lidar:1.0,360,0.23539847135543823
rung4,lidar:1.0,361,0.3860545754432678
rung4,lidar:1.0,362,0.8304422497749329
rung4,lidar:1.0,363,1.0392978191375732
rung4,lidar:1.0,364,1.6263025999069214
rung4,lidar:1.0,365,1.562312126159668
rung4,lidar:1.0,366,2.018620729446411
rung4,lidar:1.0,367,0.4584736227989197
rung4,lidar:1.0,368,0.48690927028656006
rung4,lidar:1.0,369,1.0222982168197632
rung4,lidar:1.0,370,0.855459451675415
rung4,lidar:1.0,371,0.7085642218589783
rung4,lidar:1.0,372,0.675681471824646
rung4,lidar:1.0,373,1.3388032913208008
rung4,lidar:1.0,374,0.8440204858779907
rung4,lidar:1.0,375,1.4816391468048096
rung4,lidar:1.0,376,2.230380058288574
rung4,lidar:1.0,377,3.1540822982788086
rung4,lidar:1.0,378,4.153001308441162
rung4,lidar:1.0,379,4.481686115264893
rung4,lidar:1.0,380,3.70349383354187
rung4,lidar:1.0,381,1.2926567792892456
rung4,lidar:1.0,382,0.5482286810874939
rung4,lidar:1.0,383,0.8817606568336487
rung4,lidar:1.0,384,0.3379976153373718
rung4,lidar:1.0,385,0.6983906626701355
rung4,lidar:1.0,386,0.6550103425979614
rung4,lidar:1.0,387,1.1697099208831787
rung4,lidar:1.0,388,1.0510772466659546
rung4,lidar:1.0,389,1.1398611068725586
rung4,lidar:1.0,390,0.32769760489463806
rung4,lidar:1.0,391,0.3736390471458435
rung4,lidar:1.0,392,0.32555922865867615
rung4,lidar:1.0,393,0.8076667785644531
rung4,lidar:1.0,394,0.8517929911613464
rung4,lidar:1.0,395,1.4805392026901245
rung4,lidar:1.0,396,0.5943493843078613
rung4,lidar:1.0,397,0.09969352185726166
rung4,lidar:1.0,398,0.2927841544151306
rung4,lidar:1.0,399,0.5549203157424927
rung4,lidar:1.0,400,0.18237467110157013
rung4,lidar:1.0,401,0.7317534685134888
rung4,lidar:1.0,402,0.16211481392383575
rung4,lidar:1.0,403,0.2257932722568512
rung4,lidar:1.0,404,0.6269689202308655
rung4,lidar:1.0,405,0.370339035987854
rung4,lidar:1.0,406,0.5340607762336731
rung4,lidar:1.0,407,0.29966968297958374
rung4,lidar:1.0,408,0.1271742284297943
rung4,lidar:1.0,409,0.2855013608932495
rung4,lidar:1.0,410,0.21089592576026917
rung4,lidar:1.0,411,0.2340848445892334
rung4,lidar:1.0,412,0.22059795260429382
rung4,lidar:1.0,413,0.4095037579536438
rung4,lidar:1.0,414,0.18649615347385406
rung4,lidar:1.0,415,0.15608376264572144
rung4,lidar:1.0,416,0.16723942756652832
rung4,lidar:1.0,417,0.16399073600769043
rung4,lidar:1.0,418,0.23809698224067688
rung4,lidar:1.0,419,0.21012486517429352
rung4,lidar:1.0,420,0.19453871250152588
rung4,lidar:1.0,421,0.33958837389945984
rung4,lidar:1.0,422,0.264008104801178
rung4,lidar:1.0,423,0.29950150847435
rung4,lidar:1.0,424,0.23642975091934204
rung4,lidar:1.0,425,0.17815084755420685
rung4,lidar:1.0,426,0.47994697093963623
rung4,lidar:1.0,427,0.46334925293922424
rung4,lidar:1.0,428,0.3970680236816406
rung4,lidar:1.0,429,0.18337705731391907
rung4,lidar:1.0,430,0.14296667277812958
rung4,lidar:1.0,431,0.1608421355485916
rung4,lidar:1.0,432,0.2630341649055481
rung4,lidar:1.0,433,0.15643417835235596
rung4,lidar:1.0,434,0.24271030724048615
rung4,lidar:1.0,435,0.5814546346664429
rung4,lidar:1.0,436,0.5042941570281982
rung4,lidar:1.0,437,0.4659954309463501
rung4,lidar:1.0,438,0.2414838671684265
rung4,lidar:1.0,439,0.414861261844635
rung4,lidar:1.0,440,0.5993309617042542
rung4,lidar:1.0,441,0.7508636713027954
rung4,lidar:1.0,442,0.24885019659996033
rung4,lidar:1.0,443,0.3217717409133911
rung4,lidar:1.0,444,0.26472657918930054
rung4,lidar:1.0,445,0.2328539937734604
rung4,lidar:1.0,446,0.15908467769622803
rung4,lidar:1.0,447,0.2026316225528717
rung4,lidar:1.0,448,0.22184506058692932
rung4,lidar:1.0,449,0.22754064202308655
rung4,lidar:1.0,450,0.3585954010486603
rung4,lidar:1.0,451,0.6214507222175598
rung4,lidar:1.0,452,0.18922434747219086
rung4,lidar:1.0,453,0.20018303394317627
rung4,lidar:1.0,454,0.19911429286003113
rung4,lidar:1.0,455,0.3516843616962433
rung4,lidar:1.0,456,0.42372024059295654
rung4,lidar:1.0,457,0.7830565571784973
rung4,lidar:1.0,458,1.1089361906051636
rung4,lidar:1.0,459,1.2807576656341553
rung4,lidar:1.0,460,0.7812377214431763
rung4,lidar:1.0,461,0.7519642114639282
rung4,lidar:1.0,462,0.6967170238494873
rung4,lidar:1.0,463,0.2844616770744324
rung4,lidar:1.0,464,0.5381242036819458
rung4,lidar:1.0,465,0.9025105834007263
rung4,lidar:1.0,466,0.7967100739479065
rung4,lidar:1.0,467,0.5885607600212097
rung4,lidar:1.0,468,0.7296026945114136
rung4,lidar:1.0,469,1.2186293601989746
rung4,lidar:1.0,470,0.8887956142425537
rung4,lidar:1.0,471,0.9252924919128418
rung4,lidar:1.0,472,0.3404368758201599
rung4,lidar:1.0,473,0.06416726112365723
rung4,lidar:1.0,474,0.03817601501941681
rung4,lidar:1.0,475,0.05760320648550987
rung4,lidar:1.0,476,0.013553786091506481
rung4,lidar:1.0,477,0.00980224646627903
rung4,lidar:1.0,478,0.07722482085227966
rung4,lidar:1.0,479,0.064143106341362
